Point 1976.7290 has been changed to region 1
 1484.0790  40.40  116.10 6.70  3
 1487.6080  34.30  108.90 6.20  2
 1501.0520  34.80  110.10 7.00  2
 1502.7950  35.70  115.30 6.50  3
 1536.8080  39.60  116.80 6.00  3
 1548.7010  38.00  121.00 7.00  4
 1556.0630  34.50  109.70 8.00  2
 1561.5640  37.50  106.20 7.20  1
 1568.3149  39.00  119.00 6.00  4
 1568.3700  34.40  109.00 6.70  2
 1573.0270  34.40  104.10 6.70  1
 1587.2740  35.20  113.80 6.00  3
 1597.7640  38.50  120.00 7.00  4
 1604.8160  34.20  105.00 6.00  1
 1614.8110  37.20  112.50 6.50  2
 1618.3840  37.00  111.90 6.50  2
 1618.8770  39.80  114.50 6.50  3
 1622.2111  35.50  116.00 6.00  3
 1622.8160  36.50  106.30 7.00  1
 1624.1121  32.40  119.50 6.00  4
 1624.2930  39.80  118.80 6.20  3
 1624.5070  35.40  105.90 6.00  1
 1626.4900  39.40  114.20 7.00  3
 1627.1260  37.50  105.50 6.00  1
 1634.0410  34.10  105.30 6.00  1
 1642.4960  35.10  111.10 6.00  2
 1654.5530  34.30  105.50 8.00  1
 1658.0930  39.40  115.70 6.00  3
 1665.2900  39.90  116.60 6.50  3
 1668.5640  35.30  118.60 8.60  4
 1679.6710  40.00  117.00 8.00  3
 1683.8929  38.70  112.70 7.00  2
 1695.3781  36.00  111.50 8.00  2
 1704.7419  34.90  106.80 6.00  1
 1709.7860  37.40  105.30 7.50  1
 1718.4930  35.00  105.20 7.50  1
 1720.5291  40.40  115.50 6.70  3
 1730.7480  40.00  116.20 6.50  3
 1739.0081  38.80  106.50 8.00  1
 1815.8110  34.80  111.20 6.70  2
 1820.5890  34.10  113.90 6.00  3
 1829.8850  36.60  118.50 6.00  4
 1830.4470  36.40  114.20 7.50  3
 1831.7419  32.80  116.80 6.20  4
 1852.4000  37.50  105.20 6.00  1
 1861.5480  39.70  121.70 6.00  4
 1879.4990  33.20  104.70 8.00  1
 1882.9210  38.10  115.50 6.00  3
 1885.0380  34.50  105.70 6.00  1
 1888.4490  38.50  119.00 7.50  4
 1888.8380  37.10  104.20 6.20  1
 1920.9320  36.70  104.90 8.50  1
 1922.7450  39.20  120.50 6.50  4
 1937.5840  35.40  115.10 7.00  3
 1945.7290  39.50  119.00 6.20  3
 1966.2220  37.50  115.10 7.20  3
 1967.2360  38.50  116.50 6.30  3
 1969.5450  38.20  119.40 7.40  4
 1975.0959  40.70  122.80 7.30  4
 1976.2629  40.20  112.10 6.20  2
 1976.5730  39.40  118.00 7.80  3
 1976.7290  39.90  106.40 6.20  1
 1979.6490  41.20  108.10 6.00  1
 1989.7970  40.00  113.70 6.00  2
 1996.3370  40.80  109.60 6.50  1
