 -0.466 100.655  55.8 5.2   46.61435 14 44 39.90 16  2 2004
 -1.559 100.488  42.0 6.3   52.28226  6 46 27.04 22  2 2004
  7.243  93.744  56.0 5.1   53.30459  7 18 36.92 23  2 2004
 12.959  93.135  38.2 5.2   65.43162 10 21 32.00  6  3 2004
 -1.549 100.540  65.6 5.5   99.08045  1 55 50.71  9  4 2004
 13.107  93.218  33.6 5.0  100.66460 15 57  1.55 10  4 2004
 -4.741 103.107  58.0 5.2  103.55695 13 22  0.10 13  4 2004
  8.860  94.000  10.0 5.0  105.88933 21 20 37.83 15  4 2004
  8.904  94.022  29.2 5.1  106.08766  2  6 13.74 16  4 2004
 13.089  93.187  31.1 5.3  123.73714 17 41 29.20  3  5 2004
  0.415  97.825  21.0 5.6  131.35334  8 28 48.28 11  5 2004
  7.314  93.572  63.1 5.0  138.12379  2 58 15.78 18  5 2004
  1.286  97.384  53.2 5.0  198.56806 13 38  0.26 17  7 2004
 -2.427 103.981 582.1 6.8  206.60786 14 35 19.06 25  7 2004
 12.405  95.016  23.9 5.1  206.82566 19 48 57.03 25  7 2004
 12.455  94.997  22.4 5.7  210.07230  1 44  6.91 29  7 2004
 12.385  94.948  20.6 5.1  210.08459  2  1 49.00 29  7 2004
 12.445  95.003  24.1 5.5  210.55768 13 23  3.28 29  7 2004
 12.270  94.942  21.7 5.2  212.17760  4 15 44.98 31  7 2004
 12.430  94.998  23.5 5.7  218.60795 14 35 27.03  6  8 2004
 -4.337 102.850  91.4 5.1  218.80015 19 12 12.90  6  8 2004
 -4.039 102.242  82.2 5.2  249.66757 16  1 18.02  6  9 2004
 -3.247 101.900  83.8 5.1  259.83099 19 56 37.89 16  9 2004
 15.814  95.879  15.0 5.5  260.47625 11 25 48.20 17  9 2004
  0.194  97.913  37.8 5.0  279.07571  1 49  1.33  6 10 2004
 -4.885 103.100  61.9 5.2  282.34522  8 17  7.37  9 10 2004
 -4.894 101.915  32.7 5.1  297.62287 14 56 56.13 24 10 2004
 -4.881 103.258  48.7 5.0  301.34853  8 21 52.90 28 10 2004
 -4.910 103.211  42.1 5.6  301.35564  8 32  7.00 28 10 2004
  9.541  93.503 102.4 5.2  321.56000 13 26 24.38 17 11 2004
  1.983  97.925  41.6 5.3  331.94624 22 42 35.32 27 11 2004
 -2.070  99.341  26.9 5.0  334.80444 19 18 23.24 30 11 2004
 -3.086 100.618  36.9 5.0  341.22210  5 19 49.55  7 12 2004
  4.911  93.993  15.1 5.1  345.69818 16 45 23.10 11 12 2004
  3.295  95.982  30.0 7.0  360.04090  0 58 53.45 26 12 2004
  4.942  94.267  30.0 5.5  360.05359  1 17 10.33 26 12 2004
  6.340  93.361  30.0 6.1  360.05649  1 21 20.66 26 12 2004
  7.421  93.985  30.0 6.0  360.05724  1 22 25.59 26 12 2004
  5.499  94.213  30.0 6.1  360.05959  1 25 48.76 26 12 2004
  8.826  93.708  30.0 5.5  360.06268  1 30 15.74 26 12 2004
  7.764  93.713  25.4 5.5  360.06484  1 33 22.38 26 12 2004
  5.838  93.152  30.0 5.3  360.06953  1 40  7.13 26 12 2004
  5.429  94.465  51.8 5.7  360.07560  1 48 52.07 26 12 2004
 10.382  92.119  12.1 5.2  360.07828  1 52 43.00 26 12 2004
  8.389  92.454  30.0 5.3  360.08280  1 59 13.99 26 12 2004
  6.848  94.667  30.0 6.0  360.08380  2  0 40.03 26 12 2004
  6.170  93.473  30.0 5.6  360.09402  2 15 23.57 26 12 2004
 12.258  92.275  20.3 5.3  360.09432  2 15 49.50 26 12 2004
 12.321  92.499  26.8 5.7  360.09444  2 15 59.78 26 12 2004
  8.868  92.467  15.5 5.7  360.09863  2 22  1.84 26 12 2004
  6.717  93.077  15.4 5.1  360.10450  2 30 28.94 26 12 2004
  3.990  94.139  30.0 5.7  360.10755  2 34 52.15 26 12 2004
 12.183  92.936  38.5 5.8  360.10845  2 36 10.09 26 12 2004
  8.493  92.353  33.2 5.6  360.10983  2 38  9.35 26 12 2004
  7.484  92.432  30.0 5.4  360.11180  2 40 59.85 26 12 2004
  8.463  92.607  30.0 5.2  360.11479  2 45 17.65 26 12 2004
  4.235  93.607  30.0 5.7  360.11552  2 46 20.74 26 12 2004
 12.504  92.604  30.0 5.8  360.11947  2 52  1.83 26 12 2004
  0.056  97.041  30.0 5.4  360.12029  2 53 13.04 26 12 2004
  3.183  94.377  30.0 5.7  360.12447  2 59 14.39 26 12 2004
  8.615  92.326  30.0 5.5  360.12683  3  2 38.08 26 12 2004
  8.192  92.456  27.1 5.1  360.12932  3  6 13.05 26 12 2004
 13.745  93.009  30.0 5.9  360.13107  3  8 44.21 26 12 2004
  4.054  93.526  30.0 5.4  360.13164  3  9 34.08 26 12 2004
  7.439  94.264  30.0 5.4  360.13488  3 14 13.84 26 12 2004
  7.210  92.924  30.0 5.6  360.13741  3 17 52.38 26 12 2004
  3.548  94.289  30.0 5.5  360.13835  3 19 13.05 26 12 2004
  5.819  95.092  20.6 5.4  360.14094  3 22 57.48 26 12 2004
  4.473  94.068  26.3 5.8  360.14230  3 24 54.94 26 12 2004
  4.909  96.405  30.0 5.3  360.14359  3 26 45.79 26 12 2004
  4.640  93.997  25.1 5.2  360.14585  3 30  1.38 26 12 2004
  5.532  94.334  30.0 5.6  360.15296  3 40 15.64 26 12 2004
 13.465  92.736  22.2 5.2  360.15565  3 44  8.34 26 12 2004
  6.722  93.330  46.9 5.0  360.15743  3 46 42.04 26 12 2004
  5.510  94.248  48.9 5.3  360.15998  3 50 22.18 26 12 2004
  5.049  94.771  30.0 5.7  360.16056  3 51 12.36 26 12 2004
  6.478  92.886  30.0 5.1  360.16302  3 54 44.77 26 12 2004
  4.755  93.789  16.9 5.2  360.16716  4  0 42.83 26 12 2004
  6.789  94.082  29.4 5.5  360.16734  4  0 58.43 26 12 2004
  3.044  95.890  30.0 5.4  360.16820  4  2 12.52 26 12 2004
  4.983  94.720  47.9 5.8  360.16870  4  2 55.73 26 12 2004
  5.482  92.918  36.4 5.4  360.17376  4 10 12.71 26 12 2004
  8.962  93.722  30.0 5.3  360.17913  4 17 56.81 26 12 2004
  6.910  92.958  39.2 6.1  360.18160  4 21 29.81 26 12 2004
  7.888  93.991  30.0 5.2  360.18476  4 26  3.63 26 12 2004
  6.992  93.175  36.1 5.0  360.18853  4 31 29.06 26 12 2004
  9.123  93.843  38.1 5.2  360.19458  4 40 11.46 26 12 2004
  8.532  93.880  32.6 5.4  360.19888  4 46 23.44 26 12 2004
  8.867  93.751  27.7 5.2  360.20065  4 48 56.49 26 12 2004
 11.068  92.000  29.2 5.3  360.20699  4 58  4.02 26 12 2004
  8.966  93.427  25.1 5.2  360.20782  4 59 15.40 26 12 2004
  9.296  92.212  30.0 5.3  360.20915  5  1 10.56 26 12 2004
  9.456  92.175  30.0 5.4  360.20928  5  1 21.37 26 12 2004
  9.031  92.462  30.0 5.0  360.21394  5  8  4.83 26 12 2004
  9.156  93.891  26.9 5.2  360.21496  5  9 32.50 26 12 2004
  8.460  92.281  36.5 5.1  360.21706  5 12 34.14 26 12 2004
  9.318  94.039  22.0 5.4  360.21957  5 16 10.98 26 12 2004
 12.159  92.397  31.7 5.3  360.22255  5 20 27.92 26 12 2004
  3.348  94.092  18.7 5.2  360.22489  5 23 50.80 26 12 2004
  5.485  94.294  30.0 5.1  360.23807  5 42 49.27 26 12 2004
  6.451  93.428  29.0 5.2  360.24421  5 51 40.01 26 12 2004
  3.169  93.937  23.2 5.1  360.24710  5 55 49.40 26 12 2004
  8.273  94.057  23.7 5.7  360.25172  6  2 28.38 26 12 2004
  9.308  93.912  23.8 5.1  360.25769  6 11  4.60 26 12 2004
 10.677  92.325  26.4 5.4  360.26528  6 22  0.42 26 12 2004
  5.340  93.069  23.2 5.1  360.26569  6 22 35.25 26 12 2004
  4.957  94.795  30.0 5.4  360.27000  6 28 48.40 26 12 2004
  6.651  92.963  16.9 5.4  360.27681  6 38 36.05 26 12 2004
 10.984  92.282  23.5 5.5  360.28944  6 56 47.40 26 12 2004
  9.362  93.701  30.0 5.4  360.29163  6 59 57.26 26 12 2004
 10.363  93.747  19.5 5.6  360.29665  7  7 10.27 26 12 2004
  4.808  94.971  35.4 5.2  360.29977  7 11 40.39 26 12 2004
  7.422  92.637  34.6 5.1  360.30895  7 24 53.05 26 12 2004
 13.130  93.035  30.0 5.7  360.31837  7 38 27.00 26 12 2004
  8.128  94.066  17.8 5.5  360.32811  7 52 28.80 26 12 2004
  7.478  92.362  30.0 5.3  360.33018  7 55 27.13 26 12 2004
  3.231  93.913  31.6 5.3  360.33308  7 59 37.72 26 12 2004
  5.345  94.476  34.6 5.1  360.33512  8  2 34.62 26 12 2004
  8.895  93.479  25.5 5.2  360.36237  8 41 48.85 26 12 2004
  4.855  95.101  50.8 5.3  360.36651  8 47 46.72 26 12 2004
  7.309  92.186  33.3 5.2  360.38466  9 13 54.71 26 12 2004
  7.061  94.387  21.3 5.0  360.38740  9 17 51.19 26 12 2004
  8.879  92.375  16.1 6.0  360.38891  9 20  1.61 26 12 2004
  7.178  93.756  30.0 5.4  360.39648  9 30 55.80 26 12 2004
  5.527  93.138  30.0 5.1  360.40509  9 43 19.38 26 12 2004
  5.728  93.103  36.3 5.2  360.40579  9 44 20.36 26 12 2004
 10.253  94.305  30.0 5.1  360.42512 10 12 10.15 26 12 2004
  8.857  93.738  30.0 5.5  360.42933 10 18 13.79 26 12 2004
 13.462  92.738  26.4 6.1  360.43023 10 19 31.73 26 12 2004
  5.170  93.476  46.8 5.3  360.43737 10 29 49.00 26 12 2004
  8.700  92.620  39.8 5.4  360.43964 10 33  5.16 26 12 2004
  6.531  92.830  36.4 5.4  360.44687 10 43 29.95 26 12 2004
  7.633  92.314  30.0 5.5  360.45231 10 51 19.82 26 12 2004
 10.190  93.677  30.0 5.3  360.45415 10 53 58.42 26 12 2004
  4.259  95.130  30.0 5.2  360.45495 10 55  7.50 26 12 2004
 10.070  93.834  30.0 5.5  360.45559 10 56  2.59 26 12 2004
 12.448  92.439   5.0 5.4  360.45669 10 57 38.36 26 12 2004
 13.533  92.840  13.3 6.3  360.46181 11  5  0.72 26 12 2004
  3.249  93.754  30.0 5.2  360.47024 11 17  8.52 26 12 2004
  6.388  93.254  61.3 5.2  360.49338 11 50 28.09 26 12 2004
 12.188  92.600  20.6 5.4  360.50674 12  9 42.46 26 12 2004
 11.570  92.410  25.5 5.4  360.50831 12 11 57.66 26 12 2004
 10.428  93.909  30.0 5.1  360.53664 12 52 45.76 26 12 2004
  7.715  94.034  19.2 5.2  360.56177 13 28 56.52 26 12 2004
  3.973  94.392  31.3 5.1  360.57232 13 44  8.07 26 12 2004
  2.779  94.467  30.0 5.5  360.58102 13 56 40.17 26 12 2004
  3.670  94.024  30.0 5.2  360.59130 14 11 28.31 26 12 2004
 13.496  92.923  17.6 5.0  360.59326 14 14 18.03 26 12 2004
  8.298  92.357  30.0 5.1  360.61050 14 39  7.37 26 12 2004
 11.465  92.184  30.0 5.3  360.61146 14 40 30.41 26 12 2004
 13.590  92.910  30.0 5.8  360.61718 14 48 44.26 26 12 2004
  3.651  94.086  17.8 5.6  360.62955 15  6 33.24 26 12 2004
  6.731  92.982  18.6 5.3  360.63358 15 12 21.55 26 12 2004
  5.367  93.434  30.9 5.4  360.63427 15 13 20.84 26 12 2004
  7.442  94.216  17.7 5.0  360.64103 15 23  5.33 26 12 2004
  5.149  94.323  41.2 5.4  360.68157 16 21 27.41 26 12 2004
  3.864  94.501  30.7 5.3  360.70506 16 55 17.27 26 12 2004
  8.930  93.974  22.8 5.2  360.73950 17 44 52.77 26 12 2004
 13.599  92.852  26.8 5.0  360.74320 17 50 12.59 26 12 2004
 12.861  92.484  45.4 5.1  360.74764 17 56 35.84 26 12 2004
  8.953  94.036  25.5 5.0  360.75744 18 10 43.16 26 12 2004
  8.058  92.198  30.0 5.0  360.77051 18 29 31.78 26 12 2004
  6.319  93.318  30.3 5.3  360.77203 18 31 43.48 26 12 2004
  3.837  93.323  26.9 5.1  360.77231 18 32  7.92 26 12 2004
  9.425  93.658  47.1 5.1  360.77356 18 33 55.60 26 12 2004
 13.710  92.953  26.2 5.3  360.77967 18 42 43.89 26 12 2004
  4.093  94.217  30.0 5.5  360.79432 19  3 49.21 26 12 2004
  2.794  94.162  30.0 5.5  360.80550 19 19 55.57 26 12 2004
 -3.362 101.550  52.2 5.0  360.84364 20 14 50.13 26 12 2004
  4.471  96.342  30.0 5.5  360.87973 21  6 48.80 26 12 2004
  4.746  94.850  30.0 5.0  360.89274 21 25 33.15 26 12 2004
  9.294  91.969  30.7 5.1  360.96142 23  4 26.65 26 12 2004
  4.466  93.813  15.2 5.3  361.01702  0 24 30.80 27 12 2004
  5.476  94.467  33.0 6.0  361.02241  0 32 16.48 27 12 2004
  9.088  93.663  21.8 5.3  361.02760  0 39 44.62 27 12 2004
 12.982  92.395  23.7 6.0  361.03436  0 49 28.59 27 12 2004
  3.348  94.892  47.5 5.0  361.05722  1 22 24.09 27 12 2004
  6.755  92.583  22.7 5.0  361.06831  1 38 21.82 27 12 2004
  5.355  94.324  46.6 5.0  361.12017  2 53  2.80 27 12 2004
  6.254  93.455  29.3 5.1  361.18237  4 22 36.52 27 12 2004
  6.829  92.596  39.0 5.0  361.18482  4 26  8.75 27 12 2004
  3.033  95.538  27.2 5.4  361.29114  6 59 14.65 27 12 2004
  2.709  94.512  23.3 5.3  361.32472  7 47 35.40 27 12 2004
  5.478  94.134  19.2 5.0  361.34100  8 11  2.27 27 12 2004
  5.521  94.606  51.2 5.3  361.34838  8 21 40.19 27 12 2004
  6.477  93.279  30.0 5.4  361.35947  8 37 38.47 27 12 2004
  5.348  94.650  35.0 6.2  361.40216  9 39  6.80 27 12 2004
  7.706  92.645   9.1 5.4  361.41519  9 57 52.73 27 12 2004
  7.512  92.645  48.5 5.0  361.41784 10  1 41.57 27 12 2004
  4.724  95.110  49.7 5.8  361.42020 10  5  5.44 27 12 2004
 13.681  93.039  32.1 5.2  361.44906 10 46 38.97 27 12 2004
 13.657  93.050  25.0 5.3  361.44916 10 46 47.70 27 12 2004
  8.075  92.296  25.0 5.1  361.49856 11 57 55.49 27 12 2004
  4.826  94.822  30.0 5.0  361.49903 11 58 36.50 27 12 2004
 12.805  92.684  27.6 5.2  361.50972 12 13 59.57 27 12 2004
  8.546  93.873  24.2 5.1  361.60454 14 30 32.33 27 12 2004
 12.350  92.469  19.0 5.8  361.61582 14 46 46.49 27 12 2004
 10.592  93.588  23.9 5.0  361.63928 15 20 33.64 27 12 2004
  5.597  93.156  20.2 5.3  361.73615 17 40  3.63 27 12 2004
  2.754  94.631  42.3 5.0  361.75664 18  9 33.73 27 12 2004
  3.317  93.811  28.2 5.1  361.77631 18 37 53.02 27 12 2004
 11.586  92.499  25.8 5.5  361.80091 19 13 18.85 27 12 2004
 11.489  92.494  28.3 5.1  361.80286 19 16  6.96 27 12 2004
  7.814  92.151  41.8 5.1  361.81039 19 26 58.12 27 12 2004
  8.547  93.686  27.5 5.4  361.81172 19 28 52.28 27 12 2004
  2.930  95.606  28.9 5.7  361.84087 20 10 51.31 27 12 2004
  7.064  91.786  28.7 5.1  361.84982 20 23 44.61 27 12 2004
  8.948  93.682  30.0 5.3  361.85855 20 36 18.80 27 12 2004
  5.868  93.124  30.0 5.0  361.85927 20 37 20.63 27 12 2004
  6.391  92.164  30.0 5.1  361.91876 22  3  1.22 27 12 2004
  9.779  92.985  31.1 5.0  361.97231 23 20  7.75 27 12 2004
  7.994  91.890   8.3 5.2  361.99862 23 58  0.49 27 12 2004
  7.655  94.135  22.2 5.4  362.02629  0 37 51.04 28 12 2004
  6.820  92.813  13.2 5.3  362.13911  3 20 18.84 28 12 2004
  2.805  95.512  24.9 5.0  362.16180  3 52 59.23 28 12 2004
  9.450  93.711  30.0 5.3  362.23348  5 36 12.94 28 12 2004
 10.546  92.353  30.0 5.0  362.45263 10 51 47.31 28 12 2004
  4.732  95.205  36.0 5.8  362.47065 11 17 43.87 28 12 2004
  4.183  93.946  27.5 5.2  362.49688 11 55 30.32 28 12 2004
  6.703  93.005  20.4 5.0  362.54632 13  6 42.06 28 12 2004
  5.113  96.162  30.0 5.1  362.57364 13 46  2.75 28 12 2004
 10.419  93.023  30.0 5.2  362.58939 14  8 43.63 28 12 2004
  4.691  95.261  47.0 5.2  362.60466 14 30 42.29 28 12 2004
  3.372  93.761  29.5 5.2  362.61701 14 48 30.08 28 12 2004
  9.937  93.801  51.8 5.4  362.71616 17 11 16.62 28 12 2004
  8.296  92.265  28.6 5.1  362.74052 17 46 20.67 28 12 2004
  9.488  93.699  30.0 5.4  362.83000 19 55 11.77 28 12 2004
 10.064  93.159  30.0 5.1  362.86245 20 41 55.90 28 12 2004
  3.711  94.610  30.0 5.3  362.88131 21  9  5.37 28 12 2004
  8.955  93.770  13.3 5.4  362.90796 21 47 27.42 28 12 2004
  3.610  94.403  30.0 5.2  362.91104 21 51 54.04 28 12 2004
 13.847  92.846  23.7 5.0  362.92841 22 16 54.64 28 12 2004
  6.718  93.004  30.0 5.1  362.96381 23  7 53.12 28 12 2004
 11.076  92.122  24.7 5.2  362.98610 23 39 59.42 28 12 2004
  9.344  93.052  30.0 5.0  362.99068 23 46 35.15 28 12 2004
  8.378  93.156  34.0 5.5  363.06923  1 39 41.24 29 12 2004
  9.109  93.756   8.0 6.0  363.07700  1 50 52.57 29 12 2004
 13.300  92.660  30.0 5.4  363.09269  2 13 28.35 29 12 2004
  8.791  93.198  12.0 5.8  363.24777  5 56 47.54 29 12 2004
  8.822  93.088  30.0 5.6  363.25367  6  5 16.76 29 12 2004
  9.606  93.602  30.0 5.2  363.26326  6 19  5.79 29 12 2004
 13.236  92.691  30.0 5.2  363.27133  6 30 43.26 29 12 2004
  9.358  93.145  48.7 5.0  363.27482  6 35 44.44 29 12 2004
  4.379  93.637  31.9 5.0  363.32413  7 46 44.63 29 12 2004
  7.673  93.762  37.7 5.2  363.42321 10  9 25.30 29 12 2004
  2.799  95.566  23.2 5.3  363.45338 10 52 52.00 29 12 2004
 13.745  93.130  20.7 5.2  363.49910 11 58 42.63 29 12 2004
  3.111  93.876  26.8 5.4  363.58568 14  3 22.81 29 12 2004
  5.455  94.661  38.7 5.2  363.65977 15 50  4.36 29 12 2004
 10.327  93.693  29.2 5.1  363.71709 17 12 36.91 29 12 2004
  5.531  94.277  47.7 5.5  363.78497 18 50 21.36 29 12 2004
  5.230  94.625  29.5 5.7  363.88402 21 12 59.47 29 12 2004
  7.861  92.072  26.3 5.0  363.96812 23 14  5.97 29 12 2004
  4.232  94.217  16.6 5.5  364.04504  1  4 51.82 30 12 2004
  4.221  94.263  30.0 5.0  364.07159  1 43  5.36 30 12 2004
  9.033  92.532  19.3 5.1  364.13387  3 12 46.50 30 12 2004
  5.768  94.403  19.9 5.0  364.15436  3 42 16.64 30 12 2004
  5.535  94.299  30.0 5.5  364.18584  4 27 36.73 30 12 2004
  6.760  92.906  14.1 5.4  364.73243 17 34 42.32 30 12 2004
 12.237  92.515  30.0 5.8  364.74874 17 58 11.19 30 12 2004
  2.698  94.389  30.0 5.3  364.80422 19 18  4.22 30 12 2004
  5.287  94.538  30.0 5.4  364.90002 21 36  1.87 30 12 2004
  7.120  92.533  14.0 5.7  365.10001  2 24  0.52 31 12 2004
 11.083  91.988  27.3 5.2  365.24579  5 53 55.94 31 12 2004
  7.636  93.947  22.2 5.3  365.41458  9 57  0.02 31 12 2004
  5.030  94.834  13.0 5.4  365.45719 10 58 21.47 31 12 2004
  6.204  92.913  11.0 5.5  365.50344 12  4 57.52 31 12 2004
  3.173  95.267  33.0 5.4  365.57070 13 41 48.78 31 12 2004
  5.113  94.857  49.4 5.6  365.61026 14 38 46.62 31 12 2004
  7.663  94.025  17.1 5.0  365.67759 16 15 43.54 31 12 2004
  4.730  95.140  49.0 5.4  365.74173 17 48  5.74 31 12 2004
  9.435  93.895  44.1 5.1  365.92323 22  9 27.36 31 12 2004
  7.293  93.919  30.0 5.1  366.07112  1 42 24.85  1  1 2005
  2.910  95.623  24.5 5.3  366.08019  1 55 28.46  1  1 2005
  5.465  94.398  36.0 5.8  366.16888  4  3 10.99  1  1 2005
  5.099  92.304  11.7 6.0  366.26788  6 25 44.82  1  1 2005
  8.782  93.057  30.0 5.0  366.27415  6 34 46.47  1  1 2005
  4.930  94.811  28.9 5.0  366.42737 10 15 24.58  1  1 2005
 10.843  91.782  22.6 5.0  366.49529 11 53 12.71  1  1 2005
  8.115  93.218  27.0 5.2  366.60360 14 29 11.22  1  1 2005
  7.336  94.455  55.4 5.6  366.79731 19  8  7.80  1  1 2005
  7.192  92.765  10.0 5.4  366.93627 22 28 13.78  1  1 2005
  9.026  92.626  30.0 5.0  366.94504 22 40 51.43  1  1 2005
  3.177  96.486  30.0 5.0  366.98645 23 40 29.41  1  1 2005
  3.242  95.462   8.4 5.6  367.35257  8 27 41.89  2  1 2005
  5.390  94.465  21.0 5.3  367.50846 12 12 11.08  2  1 2005
  6.360  92.787  30.0 5.7  367.64996 15 35 56.72  2  1 2005
  5.348  94.343  47.5 5.0  367.81627 19 35 25.91  2  1 2005
 10.576  92.220  25.1 5.0  368.38476  9 14  3.47  3  1 2005
 10.672  92.362  23.2 6.0  369.38417  9 13 12.25  4  1 2005
 10.609  92.385  44.1 5.2  369.38743  9 17 53.66  4  1 2005
  4.047  94.775  29.7 5.2  369.41597  9 58 59.71  4  1 2005
  8.862  93.670  30.0 5.0  369.51080 12 15 33.48  4  1 2005
  6.504  93.070  30.0 5.1  369.53890 12 56  0.75  4  1 2005
  4.581  93.784  24.8 5.2  369.63783 15 18 28.56  4  1 2005
  4.924  94.789  44.2 5.5  369.76857 18 26 44.66  4  1 2005
  5.118  94.599  29.5 5.3  369.79726 19  8  2.98  4  1 2005
 10.556  91.727  10.0 5.6  369.80196 19 14 49.13  4  1 2005
  3.527  93.655  30.0 5.4  370.23100  5 32 38.54  5  1 2005
 13.002  92.557   4.5 5.2  370.35621  8 32 56.54  5  1 2005
  6.725  93.030  30.0 5.1  370.52197 12 31 38.43  5  1 2005
  5.588  94.759  30.0 5.4  370.60731 14 34 31.32  5  1 2005
  5.489  94.392  48.8 5.7  370.62089 14 54  4.81  5  1 2005
  5.604  93.249  30.0 5.5  371.00784  0 11 17.10  6  1 2005
  6.938  91.908   6.7 5.2  371.02024  0 29  8.82  6  1 2005
  5.323  94.835  49.5 6.1  371.03924  0 56 29.91  6  1 2005
  6.974  91.963  30.0 5.0  371.20327  4 52 42.94  6  1 2005
 10.804  93.606 107.0 5.0  371.32946  7 54 25.25  6  1 2005
 14.105  93.123  30.0 5.1  371.44357 10 38 44.34  6  1 2005
 10.906  91.795  10.5 5.4  371.49703 11 55 43.71  6  1 2005
  5.693  93.334  29.6 5.0  372.33298  7 59 29.78  7  1 2005
  8.765  93.564  30.0 5.5  372.45086 10 49 14.33  7  1 2005
 10.628  91.913  30.0 5.2  373.22971  5 30 46.60  8  1 2005
 10.641  91.925  30.0 5.1  373.23022  5 31 31.40  8  1 2005
  7.590  92.400  30.0 5.0  374.08279  1 59 13.15  9  1 2005
  3.318  94.276  26.1 5.4  374.71998 17 16 45.99  9  1 2005
  4.926  95.108  40.0 6.0  374.92565 22 12 56.51  9  1 2005
  2.900  95.439  25.3 5.0  375.09673  2 19 17.58 10  1 2005
  5.062  94.792  30.0 5.0  376.90735 21 46 34.67 11  1 2005
  5.549  94.625  29.9 5.6  377.58215 13 58 18.18 12  1 2005
  5.123  94.738  35.9 5.0  377.78103 18 44 41.23 12  1 2005
  8.861  93.251   4.9 5.1  379.68198 16 22  3.20 14  1 2005
  4.801  95.196  47.4 5.0  379.71431 17  8 36.03 14  1 2005
  3.135  93.922  22.0 5.4  379.90158 21 38 16.71 14  1 2005
 14.570  92.387  25.7 5.2  380.32423  7 46 53.26 15  1 2005
  2.709  95.984  30.0 5.0  380.69726 16 44  3.54 15  1 2005
  8.662  93.616  30.0 5.0  381.94964 22 47 29.06 16  1 2005
 14.570  92.594  18.6 5.0  382.11476  2 45 14.84 17  1 2005
  4.705  95.157  30.0 5.0  384.73091 17 32 30.67 19  1 2005
  6.437  93.348  30.4 5.3  385.81019 19 26 40.69 20  1 2005
  1.222  97.202  43.8 5.0  386.35896  8 36 53.90 21  1 2005
  3.633  94.136  30.0 5.1  387.38757  9 18  5.98 22  1 2005
  3.603  94.092  30.0 5.0  387.39205  9 24 33.01 22  1 2005
  3.583  94.157  30.0 5.0  387.46353 11  7 29.24 22  1 2005
  4.914  94.855  30.0 5.0  387.54065 12 58 32.15 22  1 2005
 14.554  92.938  30.0 5.4  387.77655 18 38 14.00 22  1 2005
  2.596  94.387  27.7 5.0  388.26115  6 16  3.68 23  1 2005
 13.635  93.011  28.4 5.0  388.70543 16 55 49.34 23  1 2005
  2.710  94.337  26.4 5.0  388.85843 20 36  8.12 23  1 2005
  4.701  96.134  19.5 5.2  389.02732  0 39 20.35 24  1 2005
  7.330  92.482  30.0 6.1  389.17833  4 16 47.44 24  1 2005
  4.748  94.809  48.1 5.1  389.74958 17 59 23.58 24  1 2005
  5.447  94.670  30.0 5.1  390.41276  9 54 22.42 25  1 2005
  3.240  96.280  35.9 5.1  391.70149 16 50  8.97 26  1 2005
  8.250  94.038  23.3 5.6  391.72950 17 30 28.82 26  1 2005
  2.699  94.602  22.2 5.6  391.91716 22  0 42.57 26  1 2005
  8.018  94.063  23.3 5.3  391.94929 22 46 59.07 26  1 2005
  7.842  94.010  17.5 5.1  391.96047 23  3  4.82 26  1 2005
  5.336  94.327  47.2 5.0  391.98853 23 43 28.67 26  1 2005
  7.942  93.990  30.0 5.3  392.16579  3 58 44.62 27  1 2005
  7.870  94.251  30.0 5.2  392.16861  4  2 47.57 27  1 2005
  7.828  94.000  30.0 5.2  392.22383  5 22 18.67 27  1 2005
  7.964  94.094  30.0 5.0  392.24181  5 48 12.65 27  1 2005
  7.944  94.059  38.1 5.5  392.28957  6 56 59.17 27  1 2005
  7.933  94.052  30.0 5.0  392.30584  7 20 24.31 27  1 2005
  7.830  93.950  30.0 5.3  392.30973  7 26  0.67 27  1 2005
  7.850  93.977  30.0 5.1  392.31147  7 28 31.21 27  1 2005
  7.896  94.135  30.0 5.1  392.31650  7 35 45.57 27  1 2005
  7.910  94.030  30.0 5.3  392.34662  8 19  7.89 27  1 2005
  7.954  94.109  30.0 5.0  392.35501  8 31 12.83 27  1 2005
  7.951  94.268  30.0 5.2  392.36269  8 42 16.50 27  1 2005
  7.687  94.065  30.0 5.2  392.36317  8 42 58.09 27  1 2005
  7.809  94.020  30.0 5.1  392.38298  9 11 29.76 27  1 2005
  7.934  94.086  30.0 5.1  392.39268  9 25 27.85 27  1 2005
  8.063  93.822  30.0 5.0  392.41634  9 59 31.50 27  1 2005
  7.960  94.130  30.0 5.1  392.42237 10  8 12.35 27  1 2005
  7.937  94.173  30.0 5.1  392.45703 10 58  7.28 27  1 2005
  7.977  94.179  30.0 5.1  392.48895 11 44  5.01 27  1 2005
  8.015  94.002  37.7 5.4  392.49142 11 47 38.46 27  1 2005
  7.907  94.345  30.0 5.2  392.50828 12 11 55.78 27  1 2005
  7.987  94.096  30.0 5.0  392.55231 13 15 19.54 27  1 2005
  7.828  94.216  30.0 5.0  392.55419 13 18  1.81 27  1 2005
  7.792  94.119  30.0 5.0  392.55924 13 25 17.99 27  1 2005
  7.869  94.124  30.0 5.0  392.56011 13 26 33.90 27  1 2005
  7.936  94.266  30.0 5.1  392.57935 13 54 16.01 27  1 2005
  7.994  94.155  30.0 5.2  392.58132 13 57  6.45 27  1 2005
  7.980  94.116  30.0 5.0  392.60772 14 35  7.11 27  1 2005
  7.920  94.258  30.0 5.0  392.64415 15 27 34.56 27  1 2005
  7.963  94.214  30.0 5.3  392.64437 15 27 53.38 27  1 2005
  7.706  94.123  30.0 5.1  392.64896 15 34 29.97 27  1 2005
  8.077  94.199  30.0 5.0  392.66732 16  0 56.80 27  1 2005
  7.990  94.159  30.0 5.0  392.70030 16 48 25.90 27  1 2005
  7.877  94.093  30.0 5.5  392.70754 16 58 51.13 27  1 2005
  7.643  94.128  30.0 5.1  392.70940 17  1 32.13 27  1 2005
  7.601  94.206  25.2 5.1  392.72569 17 24 59.67 27  1 2005
  7.970  94.116  30.0 5.6  392.73668 17 40 48.93 27  1 2005
  7.858  94.107  30.0 5.3  392.78656 18 52 38.88 27  1 2005
  7.899  94.107  30.0 5.1  392.80579 19 20 20.12 27  1 2005
  8.128  94.047  30.0 5.0  392.81986 19 40 36.28 27  1 2005
  5.511  94.306  30.0 5.6  392.84019 20  9 52.16 27  1 2005
  7.973  94.058  30.0 5.0  392.84558 20 17 38.53 27  1 2005
  7.934  94.046  16.1 5.2  392.86476 20 45 15.21 27  1 2005
  9.697  93.471  30.0 5.1  392.87552 21  0 44.61 27  1 2005
  8.039  94.105  30.0 5.5  392.94499 22 40 47.34 27  1 2005
  7.984  94.102  30.0 5.0  392.95611 22 56 48.09 27  1 2005
  8.090  94.116  30.0 5.1  392.97231 23 20  7.23 27  1 2005
  7.793  94.105  30.0 5.1  392.97710 23 27  1.04 27  1 2005
  7.924  94.117  18.8 5.1  393.06686  1 36 16.87 28  1 2005
  7.724  94.019  30.0 5.2  393.09947  2 23 14.28 28  1 2005
  7.831  93.953  22.6 5.1  393.10346  2 28 58.94 28  1 2005
  7.960  94.041  18.3 5.3  393.14681  3 31 24.04 28  1 2005
  7.907  94.177  30.0 5.0  393.19090  4 34 53.67 28  1 2005
  8.162  94.173  18.4 5.2  393.21301  5  6 43.89 28  1 2005
  7.897  93.897  24.8 5.1  393.25481  6  6 55.73 28  1 2005
  7.900  93.993  16.0 5.5  393.25726  6 10 27.19 28  1 2005
  7.907  94.033  43.8 5.3  393.25935  6 13 27.56 28  1 2005
  7.969  94.130  30.0 5.3  393.32590  7 49 17.91 28  1 2005
  8.009  94.069  40.1 5.4  393.34820  8 21 24.61 28  1 2005
  7.863  93.964  16.6 5.2  393.35400  8 29 45.62 28  1 2005
  7.860  94.003  30.0 5.0  393.36618  8 47 17.76 28  1 2005
  7.903  94.059  30.0 5.2  393.49516 11 53  2.14 28  1 2005
  8.002  94.102  13.4 5.4  393.52582 12 37 10.83 28  1 2005
  7.915  94.127  30.0 5.3  393.74283 17 49 40.58 28  1 2005
  7.989  94.114  19.6 5.3  393.80476 19 18 51.50 28  1 2005
  7.745  93.964  19.4 5.2  393.93684 22 29  3.03 28  1 2005
  7.728  94.022  21.7 5.2  393.94127 22 35 25.34 28  1 2005
  7.957  94.098  21.3 5.1  393.98067 23 32 10.29 28  1 2005
  7.311  92.528  35.8 5.1  394.05121  1 13 44.39 29  1 2005
  7.795  94.103  30.0 5.0  394.07665  1 50 22.93 29  1 2005
  5.073  94.706  46.1 5.2  394.12176  2 55 20.05 29  1 2005
  8.109  94.274  16.9 5.4  394.15140  3 38  0.94 29  1 2005
  7.935  94.157  30.0 5.2  394.22694  5 26 48.01 29  1 2005
 13.104  92.996  30.0 5.5  394.23905  5 44 13.89 29  1 2005
  3.325  93.700  29.3 5.5  394.25745  6 10 43.81 29  1 2005
  8.009  94.106  42.9 5.1  394.69232 16 36 56.19 29  1 2005
  5.512  94.322  30.0 5.4  394.76457 18 20 58.57 29  1 2005
  7.812  94.278  30.0 5.0  394.79602 19  6 15.71 29  1 2005
  8.060  94.146  20.7 5.2  394.83466 20  1 54.32 29  1 2005
  7.909  94.386  30.0 5.2  394.85305 20 28 23.29 29  1 2005
  8.319  93.959  30.0 5.0  394.87402 20 58 35.67 29  1 2005
  8.018  94.109  30.0 5.1  394.91918 22  3 37.33 29  1 2005
 12.377  92.358  30.0 5.0  394.95827 22 59 54.63 29  1 2005
  7.959  93.509  30.0 5.0  394.96841 23 14 30.37 29  1 2005
  8.291  94.332  22.0 5.1  395.00526  0  7 34.30 30  1 2005
  8.063  94.267  30.0 5.0  395.02373  0 34  9.96 30  1 2005
  8.142  94.230  18.4 5.2  395.10118  2 25 41.81 30  1 2005
  8.171  94.268  23.2 5.0  395.10783  2 35 16.55 30  1 2005
  8.008  94.249  30.0 5.0  395.13454  3 13 44.05 30  1 2005
  8.025  94.111  17.0 5.0  395.15568  3 44 10.38 30  1 2005
  8.007  94.023  21.2 5.2  395.36779  8 49 36.80 30  1 2005
  8.076  94.228  21.7 5.0  395.43951 10 32 54.02 30  1 2005
  8.117  94.056  18.6 5.6  395.64807 15 33 13.51 30  1 2005
  8.222  94.282  20.9 5.1  395.90212 21 39  3.42 30  1 2005
  4.055  96.765  30.0 5.0  396.28176  6 45 44.05 31  1 2005
  7.981  94.260  18.8 5.2  396.34382  8 15  5.90 31  1 2005
  8.167  94.265  22.1 5.1  396.55177 13 14 33.27 31  1 2005
  8.072  94.055  20.0 5.1  396.68770 16 30 17.15 31  1 2005
  7.929  94.065  15.9 5.3  397.04725  1  8  1.98  1  2 2005
  9.990  93.959  32.0 5.3  397.44117 10 35 16.89  1  2 2005
  8.113  94.140  19.1 5.2  397.57075 13 41 53.19  1  2 2005
  9.988  93.993  43.6 5.1  397.57961 13 54 38.04  1  2 2005
  5.185  94.557  24.0 5.6  397.59432 14 15 49.10  1  2 2005
  9.959  94.099  25.2 5.0  397.66264 15 54 12.03  1  2 2005
  2.803  94.233  26.9 5.2  397.71812 17 14  5.47  1  2 2005
  9.962  93.960  39.5 5.2  398.06276  1 30 22.28  2  2 2005
  5.274  94.501  45.6 5.1  398.37810  9  4 27.74  2  2 2005
  8.319  94.312  18.3 5.0  398.55738 13 22 37.24  2  2 2005
  6.428  90.377  17.9 5.0  398.62371 14 58  8.63  2  2 2005
  6.829  92.836  19.4 5.0  398.86186 20 41  5.09  2  2 2005
  5.623  93.249  30.0 5.3  399.20228  4 51 17.27  3  2 2005
  2.722  95.749  24.1 5.0  400.28969  6 57  8.88  4  2 2005
  7.881  94.319  21.4 5.1  400.40617  9 44 53.18  4  2 2005
  2.255  94.992  30.0 5.4  401.16891  4  3 13.84  5  2 2005
  2.325  95.065  30.0 5.1  401.17354  4  9 53.64  5  2 2005
 10.011  92.982  30.0 5.0  401.17980  4 18 54.97  5  2 2005
  8.061  94.051  17.2 5.7  401.33365  8  0 27.54  5  2 2005
  8.106  94.185  30.0 5.5  401.73318 17 35 46.88  5  2 2005
 13.855  93.580  35.6 5.6  402.18355  4 24 18.63  6  2 2005
  8.070  94.062  18.4 5.4  402.25550  6  7 55.13  6  2 2005
  2.278  95.156  28.7 5.0  405.04336  1  2 26.19  9  2 2005
  6.801  92.618  25.1 5.4  405.11525  2 45 57.78  9  2 2005
  4.797  95.117  44.5 5.7  405.56071 13 27 25.34  9  2 2005
  8.105  94.286  30.0 5.0  406.06564  1 34 30.99 10  2 2005
  5.079  94.794  48.8 5.7  409.05705  1 22  9.31 13  2 2005
  5.071  94.804  51.3 5.5  409.08481  2  2  7.60 13  2 2005
 14.847  93.629  35.0 5.0  410.55690 13 21 56.37 14  2 2005
 -0.127  98.729  47.1 6.0  410.71311 17  6 52.64 14  2 2005
  1.821  92.191  26.9 5.2  411.10628  2 33  2.36 15  2 2005
  8.097  93.945  11.0 5.6  412.34701  8 19 41.47 16  2 2005
  4.702  95.156  47.8 5.9  413.23019  5 31 28.08 17  2 2005
  5.446  94.416  48.0 5.8  414.81512 19 33 46.40 18  2 2005
  5.044  94.438  40.1 5.0  415.14142  3 23 38.64 19  2 2005
  2.329  95.286  27.8 5.0  415.59990 14 23 51.78 19  2 2005
 10.219  93.608  25.5 5.2  416.96393 23  8  3.96 20  2 2005
  3.261  93.755  28.1 5.2  417.25709  6 10 12.20 21  2 2005
 10.829  91.772  30.0 5.6  418.71667 17 12  0.64 22  2 2005
  2.885  95.462  25.5 5.1  419.11263  2 42 11.05 23  2 2005
  2.891  95.729  30.0 5.6  420.31656  7 35 50.46 24  2 2005
  7.734  94.170  24.2 5.1  421.56259 13 30  7.96 25  2 2005
  7.831  94.101  22.7 5.3  421.56337 13 31 14.87 25  2 2005
  2.743  94.259  28.5 5.1  421.86147 20 40 31.04 25  2 2005
  2.908  95.592  36.0 6.0  422.53950 12 56 52.62 26  2 2005
  9.380  93.112  30.0 5.1  422.60067 14 24 58.27 26  2 2005
  3.115  95.733  26.7 5.0  427.71553 17 10 21.99  3  3 2005
  3.197  93.536  33.7 5.1  433.76912 18 27 32.21  9  3 2005
  3.199  93.456  19.5 5.3  433.76923 18 27 41.07  9  3 2005
  2.285  95.066  29.1 5.1  435.33392  8  0 50.34 11  3 2005
  7.412  94.278  30.0 5.2  435.54160 12 59 53.86 11  3 2005
  5.478  94.693  59.5 5.2  436.93975 22 33 14.41 12  3 2005
  9.735  91.634  30.0 5.1  436.94691 22 43 32.71 12  3 2005
 11.582  93.019  71.9 5.0  437.09634  2 18 43.78 13  3 2005
  5.486  94.595  52.3 5.4  437.92553 22 12 45.82 13  3 2005
  9.439  93.152  57.3 5.0  438.18561  4 27 16.49 14  3 2005
  5.439  94.427  30.0 5.3  440.27764  6 39 48.32 16  3 2005
  4.863  95.089  60.4 5.5  441.97279 23 20 49.35 17  3 2005
  3.999  95.670  48.0 5.2  443.12589  3  1 16.95 19  3 2005
 12.339  92.533  20.4 5.0  445.59316 14 14  9.43 21  3 2005
 13.061  92.476  38.0 5.2  446.40172  9 38 28.26 22  3 2005
 12.312  92.568  30.0 5.0  447.38688  9 17  6.02 23  3 2005
  5.489  94.374  39.0 5.9  449.04506  1  4 52.96 25  3 2005
  2.085  97.108  30.0 7.2  452.67334 16  9 36.53 28  3 2005
  1.114  97.005  30.0 5.8  452.68144 16 21 16.31 28  3 2005
  1.521  97.080  30.0 5.4  452.68456 16 25 45.85 28  3 2005
  1.633  97.169  30.0 5.3  452.68469 16 25 56.87 28  3 2005
  0.434  97.671  30.0 5.2  452.68586 16 27 38.12 28  3 2005
  0.933  97.914  30.0 5.0  452.69024 16 33 56.46 28  3 2005
  2.335  96.596  28.9 5.4  452.69075 16 34 40.57 28  3 2005
  1.230  97.487  30.0 5.9  452.69355 16 38 43.10 28  3 2005
  2.087  96.503  30.6 5.5  452.69757 16 44 29.78 28  3 2005
  2.276  96.183  30.0 5.1  452.70736 16 58 35.71 28  3 2005
  2.042  96.457  30.0 5.0  452.71082 17  3 34.43 28  3 2005
  0.852  97.519  30.0 5.0  452.71650 17 11 45.47 28  3 2005
  0.838  97.376  30.0 5.0  452.71734 17 12 58.32 28  3 2005
  2.836  98.758  30.0 5.2  452.72469 17 23 32.83 28  3 2005
  1.776  97.102  30.0 5.3  452.72520 17 24 17.18 28  3 2005
  1.634  97.082  30.0 5.0  452.72858 17 29  9.35 28  3 2005
  0.997  97.870  30.0 5.4  452.74985 17 59 47.31 28  3 2005
  1.306  97.145  30.0 5.0  452.75930 18 13 23.26 28  3 2005
  0.923  97.867  36.1 6.1  452.77135 18 30 44.56 28  3 2005
  2.751  96.049  30.0 5.4  452.78395 18 48 53.50 28  3 2005
  2.387  97.159  30.0 5.2  452.78489 18 50 14.11 28  3 2005
  1.014  97.821  30.9 5.8  452.79329 19  2 19.91 28  3 2005
  2.467  96.758  26.8 5.1  452.82918 19 54  1.09 28  3 2005
  1.043  97.458  23.8 5.1  452.83780 20  6 25.56 28  3 2005
  1.966  96.941  26.2 5.3  452.83815 20  6 56.14 28  3 2005
  1.002  97.898  36.1 5.1  452.84958 20 23 23.47 28  3 2005
  1.751  97.132  27.3 5.1  452.85784 20 35 17.42 28  3 2005
  1.077  97.579  30.0 5.0  452.89872 21 34  9.32 28  3 2005
  1.316  97.101  30.0 5.0  452.91175 21 52 55.17 28  3 2005
  0.172  97.043  38.6 5.7  452.96737 23 13  0.96 28  3 2005
  2.889  96.411  29.2 5.6  452.98439 23 37 31.35 28  3 2005
  2.914  96.387  28.6 5.4  452.98597 23 39 48.11 28  3 2005
  2.855  96.354  27.2 5.0  452.98941 23 44 44.79 28  3 2005
  1.617  97.134  30.0 5.0  453.03893  0 56  3.88 29  3 2005
  1.031  97.480  23.1 5.1  453.09910  2 22 41.81 29  3 2005
  1.607  97.050  26.0 5.2  453.17308  4  9 13.69 29  3 2005
  1.249  97.151  25.1 5.3  453.17360  4  9 58.61 29  3 2005
  1.223  97.156  22.5 5.2  453.17988  4 19  1.40 29  3 2005
  0.185  97.095  35.8 5.4  453.20148  4 50  7.93 29  3 2005
  2.648  96.581  30.0 5.8  453.21979  5 16 29.85 29  3 2005
  1.175  97.120  24.0 5.1  453.22492  5 23 53.05 29  3 2005
  0.873  97.482  24.7 5.0  453.22569  5 24 59.84 29  3 2005
  2.143  96.634  26.9 5.3  453.22599  5 25 25.45 29  3 2005
  1.777  99.207  30.0 5.0  453.26129  6 16 15.22 29  3 2005
  1.894  96.971  27.3 5.0  453.38616  9 16  3.83 29  3 2005
  1.305  97.183  22.4 5.0  453.39470  9 28 22.48 29  3 2005
  2.230  96.494  26.1 5.2  453.45618 10 56 53.74 29  3 2005
  5.512  93.364  25.3 5.0  453.53894 12 56  4.01 29  3 2005
  2.547  96.067  24.3 5.1  453.59452 14 16  6.15 29  3 2005
  1.336  97.123  24.4 5.0  453.60086 14 25 14.58 29  3 2005
  1.796  97.765  37.2 5.0  453.68142 16 21 14.64 29  3 2005
  2.352  97.334  30.0 5.1  453.86224 20 41 37.62 29  3 2005
  1.773  97.095  27.4 5.5  454.05088  1 13 15.75 30  3 2005
  1.892  96.940  26.6 5.3  454.43082 10 20 22.46 30  3 2005
  0.199  98.144  20.1 5.2  454.54008 12 57 42.87 30  3 2005
  2.993  95.414  22.0 5.9  454.68034 16 19 41.10 30  3 2005
  2.931  95.423  25.2 5.6  454.72872 17 29 21.73 30  3 2005
  1.250  97.174  22.2 5.1  454.96668 23 12  1.10 30  3 2005
  1.864  97.069  26.7 5.3  454.98667 23 40 48.49 30  3 2005
  1.102  97.296  23.2 5.0  455.11074  2 39 28.04 31  3 2005
  1.312  97.193  30.0 5.2  455.20010  4 48  8.67 31  3 2005
  1.701  97.119  22.0 5.7  455.30826  7 23 53.79 31  3 2005
  2.515  96.184  25.5 5.0  455.35448  8 30 26.87 31  3 2005
  5.106  94.577  30.0 5.0  455.60239 14 27 26.75 31  3 2005
  1.320  97.208  30.0 5.0  455.68746 16 29 56.12 31  3 2005
  0.354  97.741  21.1 5.2  455.75177 18  2 33.07 31  3 2005
  0.674  97.601  30.0 5.0  456.03388  0 48 47.35  1  4 2005
  1.105  97.158  22.3 5.2  456.03451  0 49 42.02  1  4 2005
  2.260  96.432  30.0 5.0  456.24718  5 55 56.36  1  4 2005
  2.294  96.373  30.0 5.1  456.31976  7 40 27.07  1  4 2005
  2.873  96.391  26.9 5.4  456.44289 10 37 45.78  1  4 2005
  2.173  96.694  28.1 5.1  456.59592 14 18  7.56  1  4 2005
  2.704  97.087  30.0 5.1  456.61853 14 50 41.13  1  4 2005
  0.181  97.157  34.1 5.1  456.64408 15 27 28.31  1  4 2005
  1.135  97.244  26.3 5.1  456.72547 17 24 40.23  1  4 2005
  0.323  98.109  29.7 5.6  456.85599 20 32 37.38  1  4 2005
 -0.405  96.887  30.0 5.2  456.93076 22 20 17.82  1  4 2005
  0.813  97.457  30.0 5.1  457.15098  3 37 24.24  2  4 2005
 -1.728  99.842  30.0 5.2  457.15215  3 39  5.54  2  4 2005
 -0.416  96.921  23.7 5.2  457.63979 15 21 18.21  2  4 2005
  2.888  96.398  28.2 5.1  457.68350 16 24 14.07  2  4 2005
  0.368  98.319  30.0 5.9  458.04122  0 59 21.42  3  4 2005
  2.022  97.942  36.0 6.0  458.13260  3 10 56.47  3  4 2005
  1.174  97.136  25.2 5.1  458.43111 10 20 48.06  3  4 2005
  2.974  96.284  30.0 5.0  458.51482 12 21 20.38  3  4 2005
  9.776  93.661  25.0 5.2  458.61307 14 42 49.36  3  4 2005
  1.605  97.872  30.0 5.5  459.19012  4 33 46.63  4  4 2005
  1.279  97.155  23.8 5.1  459.46224 11  5 37.81  4  4 2005
  4.767  94.819  49.4 5.2  459.81748 19 37 10.29  4  4 2005
  0.141  97.174  32.0 5.0  460.30040  7 12 34.83  5  4 2005
  1.895  97.011  25.6 5.2  460.40096  9 37 22.92  5  4 2005
  2.415  96.304  30.0 5.0  460.54300 13  1 55.33  5  4 2005
 -3.984 102.415  67.7 5.7  461.47233 11 20  9.00  6  4 2005
  1.198  97.239  24.2 5.2  462.09821  2 21 24.95  7  4 2005
  0.607  97.424  26.4 5.9  462.49034 11 46  4.96  7  4 2005
  0.560  97.437  30.0 5.1  462.49337 11 50 27.41  7  4 2005
  1.351  97.164  24.3 5.1  462.64166 15 23 59.12  7  4 2005
  1.313  97.197  23.3 5.2  462.69506 16 40 53.56  7  4 2005
 -1.565  99.420  17.3 5.1  462.95046 22 48 39.73  7  4 2005
 -1.653  99.448  20.0 5.0  462.95142 22 50  2.76  7  4 2005
  0.679  97.380  30.0 5.4  463.07753  1 51 38.70  8  4 2005
 -0.215  97.731  20.9 5.7  463.24211  5 48 37.88  8  4 2005
  1.399  97.156  30.0 5.3  464.15387  3 41 34.68  9  4 2005
  1.100  97.269  22.6 5.0  464.79408 19  3 28.81  9  4 2005
  1.380  97.108  26.2 5.0  465.41043  9 51  1.50 10  4 2005
  2.862  95.337  24.0 5.3  465.43608 10 27 57.02 10  4 2005
 -1.644  99.607  19.0 6.4  465.43694 10 29 11.28 10  4 2005
 -1.609  99.583  30.0 5.3  465.44117 10 35 16.78 10  4 2005
 -1.606  99.618  30.0 5.7  465.44849 10 45 49.41 10  4 2005
 -1.459  99.256  30.0 5.0  465.45139 10 49 59.89 10  4 2005
 -1.679  99.782  27.1 5.2  465.45495 10 55  7.97 10  4 2005
 -1.714  99.779  30.0 6.2  465.46828 11 14 19.62 10  4 2005
 -1.619  99.594  30.0 5.5  465.48962 11 45  2.80 10  4 2005
 -1.705  99.720  29.4 5.7  465.49688 11 55 30.70 10  4 2005
 -1.520  99.040  30.0 5.2  465.49904 11 58 36.93 10  4 2005
 -1.705  99.872  25.9 5.0  465.51528 12 22  0.20 10  4 2005
 -1.630  99.641  23.5 5.3  465.56930 13 39 47.25 10  4 2005
 -1.640  99.696  21.4 5.3  465.56990 13 40 39.44 10  4 2005
 -1.777  99.934  32.2 5.4  465.57936 13 54 16.34 10  4 2005
 -1.621  99.638  30.0 5.2  465.60116 14 25 39.82 10  4 2005
 -1.648  99.624  30.0 5.2  465.61625 14 47 24.25 10  4 2005
 -1.591  99.717  30.0 5.9  465.72546 17 24 39.40 10  4 2005
 -1.641  99.798  28.5 5.2  465.80506 19 19 16.88 10  4 2005
 -1.539  99.555  27.7 5.1  465.85846 20 36 11.14 10  4 2005
 -0.394  96.888  30.0 5.0  465.95041 22 48 35.35 10  4 2005
 -1.691  99.661  37.6 5.0  466.09674  2 19 18.29 11  4 2005
  2.169  96.759  24.0 5.9  466.25778  6 11 11.82 11  4 2005
  2.075  96.829  26.6 5.5  466.37813  9  4 30.61 11  4 2005
  1.014  97.487  33.3 5.0  466.39363  9 26 49.66 11  4 2005
  1.045  97.276  22.8 5.0  466.73782 17 42 27.78 11  4 2005
 -1.688  99.856  23.9 5.0  466.76336 18 19 14.34 11  4 2005
 -1.705  99.740  30.0 5.4  466.78607 18 51 56.44 11  4 2005
 -1.733  99.728  28.8 5.0  467.04197  1  0 26.58 12  4 2005
 -1.656  99.639  30.0 5.0  467.05894  1 24 52.84 12  4 2005
 -1.742  99.687  29.2 5.2  467.06099  1 27 49.15 12  4 2005
 -1.756  99.848  33.0 5.3  467.16302  3 54 44.95 12  4 2005
 -1.592  99.447  22.3 5.1  467.17884  4 17 31.76 12  4 2005
 -1.762  99.800  30.0 5.3  467.18751  4 30  0.65 12  4 2005
 -1.713  99.851  30.7 5.2  468.12471  2 59 34.65 13  4 2005
  3.370  93.696  28.1 5.0  468.13371  3 12 32.59 13  4 2005
 -1.712  99.875  31.8 5.3  468.72887 17 29 34.61 13  4 2005
 -1.915  99.951  33.4 5.8  469.47908 11 29 52.55 14  4 2005
  2.932  96.335  26.3 5.4  470.54785 13  8 54.46 15  4 2005
  1.096  97.114  23.7 5.0  470.89758 21 32 31.26 15  4 2005
 -1.773  99.942  29.9 5.4  471.36328  8 43  7.82 16  4 2005
  1.812  97.662  31.0 6.0  471.69310 16 38  3.90 16  4 2005
  0.307  97.663  25.3 5.7  472.57216 13 43 54.56 17  4 2005
 -1.621  99.563  19.0 5.1  472.85337 20 28 50.84 17  4 2005
 -1.626  99.624  21.6 5.8  472.89156 21 23 50.83 17  4 2005
 10.178  93.634  25.9 5.1  472.90131 21 37 53.23 17  4 2005
  1.214  97.144  22.6 5.0  474.44028 10 34  0.00 19  4 2005
  2.357  96.302  26.4 5.0  474.63212 15 10 15.30 19  4 2005
  2.746  95.989  32.9 5.1  478.43871 10 31 44.95 23  4 2005
  1.078  97.249  24.4 5.1  480.06244  1 29 54.40 25  4 2005
  3.030  94.070  25.2 5.0  480.13786  3 18 31.11 25  4 2005
  0.364  97.275  35.9 5.4  480.84607 20 18 20.64 25  4 2005
  0.305  97.307  30.0 5.0  480.84876 20 22 12.51 25  4 2005
  0.395  97.287  35.6 5.0  480.90298 21 40 17.39 25  4 2005
  7.813  93.978  23.6 5.0  481.58450 14  1 40.46 26  4 2005
  1.357  97.173  22.4 5.2  481.72111 17 18 23.56 26  4 2005
  4.291  93.174  13.5 5.2  482.15662  3 45 32.32 27  4 2005
  2.132  96.799  22.0 5.9  483.58858 14  7 33.70 28  4 2005
  1.974  97.128  30.0 5.3  485.55369 13 17 18.96 30  4 2005
  0.800  97.869  25.9 5.0  486.50006 12  0  5.43  1  5 2005
  2.464  95.878  21.5 5.0  488.31192  7 29 10.30  3  5 2005
  0.322  97.040  35.5 5.1  489.02921  0 42  3.54  4  5 2005
  3.047  96.382  40.2 5.2  489.03114  0 44 50.54  4  5 2005
  9.291  91.688  19.8 5.4  489.10603  2 32 41.25  4  5 2005
  4.708  94.874  46.3 5.2  489.24923  5 58 53.83  4  5 2005
  5.227  94.272  30.3 5.1  490.05194  1 14 47.41  5  5 2005
  5.099  94.843  30.0 5.5  494.06311  1 30 52.51  9  5 2005
  1.244  97.227  27.9 5.2  495.93731 22 29 43.95 10  5 2005
  5.064  94.469  30.0 5.0  497.66973 16  4 24.37 12  5 2005
  2.423  96.271  22.5 5.0  497.99132 23 47 29.62 12  5 2005
  5.745  93.273  28.1 5.2  498.18301  4 23 32.35 13  5 2005
  0.587  98.459  34.0 6.4  499.21202  5  5 18.48 14  5 2005
  0.353  98.573  30.0 5.0  499.52676 12 38 32.39 14  5 2005
  0.454  98.673  40.8 5.0  500.95928 23  1 21.45 15  5 2005
  5.593  93.271   9.7 5.7  503.48437 11 37 29.85 18  5 2005
  5.439  93.357   2.5 6.0  503.48451 11 37 41.74 18  5 2005
  1.989  97.041  30.0 6.2  504.07978  1 54 52.85 19  5 2005
  0.396  97.258  22.9 5.2  504.86399 20 44  8.69 19  5 2005
  5.281  94.797  55.6 5.9  506.95921 23  1 16.05 21  5 2005
  1.213  97.155  23.0 5.0  506.96384 23  7 55.99 21  5 2005
  1.286  97.120  24.4 5.1  506.96466 23  9  6.91 21  5 2005
  0.804  97.447  23.6 5.2  508.24186  5 48 16.82 23  5 2005
  2.648  94.526  30.0 5.1  509.40135  9 37 56.90 24  5 2005
  2.908  95.599  24.7 5.0  510.61267 14 42 14.91 25  5 2005
  1.348  97.185  25.0 5.0  510.78303 18 47 33.82 25  5 2005
  5.691  93.215  30.0 5.5  511.42253 10  8 26.84 26  5 2005
  2.043  96.673  24.1 5.0  513.26633  6 23 31.12 28  5 2005
 -4.732 103.171  22.6 5.3  514.20507  4 55 17.63 29  5 2005
  0.699  96.254  34.1 5.0  516.00113  0  1 37.70 31  5 2005
  5.241  94.432  30.0 5.5  516.10383  2 29 31.29 31  5 2005
  5.458  94.653  53.9 5.0  516.31117  7 28  4.81 31  5 2005
  1.455  97.146  24.9 5.4  519.02919  0 42  1.90  3  6 2005
  2.170  96.724  23.5 5.8  524.26957  6 28 10.92  8  6 2005
  1.813  97.089  25.0 5.4  526.73798 17 42 41.54 10  6 2005
  1.015  97.513  23.7 5.1  527.15815  3 47 44.14 11  6 2005
  2.117  96.599  24.8 5.1  527.73398 17 36 55.93 11  6 2005
  2.738  95.638  22.5 5.0  529.10197  2 26 50.50 13  6 2005
  7.654  93.934  20.1 5.1  529.81126 19 28 13.14 13  6 2005
  2.741  94.169  18.6 5.5  529.83325 19 59 52.68 13  6 2005
  5.619  94.752  57.4 5.4  533.10948  2 37 39.25 17  6 2005
  2.138  96.796  27.6 5.3  533.89309 21 26  3.13 17  6 2005
  1.263  97.243  41.3 5.0  534.52507 12 36  6.17 18  6 2005
  2.298  96.353  30.0 5.0  536.31846  7 38 34.77 20  6 2005
  4.953  94.750  30.0 5.0  536.78518 18 50 39.92 20  6 2005
  4.806  95.146  52.9 5.3  540.90639 21 45 11.72 24  6 2005
  4.183  93.266  26.1 5.1  542.18701  4 29 17.96 26  6 2005
  1.280  97.140  24.6 5.0  543.71833 17 14 23.61 27  6 2005
 13.849  93.607  39.7 5.1  548.75859 18 12 21.88  2  7 2005
  1.819  97.082  21.0 6.2  551.07781  1 52  2.95  5  7 2005
  2.259  95.059  28.7 5.1  551.33159  7 57 28.95  5  7 2005
  3.958  93.422  28.1 5.3  551.90021 21 36 18.47  5  7 2005
  1.175  97.272  27.0 5.0  554.89472 21 28 23.74  8  7 2005
  1.274  97.226  23.1 5.4  557.60844 14 36  9.54 11  7 2005
 10.351  92.903  49.6 5.3  559.02048  0 29 29.81 13  7 2005
  4.342  96.267  14.6 5.1  567.07134  1 42 43.50 21  7 2005
  2.433  97.136  43.6 5.1  568.40982  9 50  8.06 22  7 2005
  5.463  94.424  30.0 5.1  569.03121  0 44 56.84 23  7 2005
  5.113  94.802  48.1 5.6  569.95388 22 53 35.08 23  7 2005
  7.920  92.190  16.0 6.6  570.65424 15 42  6.21 24  7 2005
  8.064  91.816  19.5 5.1  570.66289 15 54 33.98 24  7 2005
  8.091  92.109  30.7 5.1  570.66681 16  0 12.34 24  7 2005
  7.791  92.010  30.0 5.3  571.09532  2 17 15.57 25  7 2005
  8.123  91.926  31.3 5.3  571.14326  3 26 17.60 25  7 2005
  8.020  93.002  30.9 5.2  571.53040 12 43 46.45 25  7 2005
  1.180  96.838  25.7 5.3  571.66808 16  2  2.35 25  7 2005
  1.898  97.023  27.9 5.0  572.06870  1 38 55.31 26  7 2005
  8.372  91.639  25.5 5.2  572.27235  6 32 11.44 26  7 2005
  2.644  96.022  24.5 5.0  573.58140 13 57 12.68 27  7 2005
  3.217  93.690  28.7 5.0  573.58713 14  5 28.16 27  7 2005
  3.289  93.773  28.9 5.1  573.67075 16  5 52.66 27  7 2005
  2.732  95.619  22.8 5.0  574.11388  2 43 59.15 28  7 2005
  8.381  92.328  33.5 5.1  575.51877 12 27  1.54 29  7 2005
  2.857  93.558  32.4 5.8  575.85671 20 33 40.03 29  7 2005
  1.092  97.417  25.9 5.2  576.02534  0 36 29.68 30  7 2005
  0.992  97.430  30.0 5.0  576.02791  0 40 11.55 30  7 2005
  8.016  91.958  30.0 5.1  576.51711 12 24 38.28 30  7 2005
  5.177  94.476  38.0 5.8  576.63426 15 13 20.12 30  7 2005
  0.348  97.764  26.0 5.1  577.51276 12 18 22.65 31  7 2005
  0.381  97.816  29.1 5.1  577.52590 12 37 18.18 31  7 2005
  5.251  94.263  36.9 5.0  579.87264 20 56 36.52  2  8 2005
  6.725  92.667   5.1 5.3  580.98874 23 43 47.15  3  8 2005
  2.164  96.421  26.2 5.0  582.55661 13 21 30.91  5  8 2005
  7.738  94.130  19.2 5.3  586.47430 11 22 59.86  9  8 2005
  1.367  97.207  30.0 5.1  590.76902 18 27 23.44 13  8 2005
  2.014  97.832  30.0 5.0  594.32209  7 43 48.24 17  8 2005
  5.547  94.579  51.4 5.4  605.19700  4 43 40.95 28  8 2005
  1.468  97.137  30.0 5.1  605.23241  5 34 40.04 28  8 2005
  4.386  95.223  26.6 5.0  605.58979 14  9 17.54 28  8 2005
 11.044  92.251  36.0 5.2  606.61444 14 44 47.78 29  8 2005
  0.323  97.743  26.0 5.2  606.73632 17 40 18.18 29  8 2005
 -1.662  99.625  29.1 5.2  607.87441 20 59  8.69 30  8 2005
  5.364  95.794  48.0 5.0  608.30579  7 20 19.83 31  8 2005
  5.074  94.795  30.0 5.3  609.69629 16 42 39.55  1  9 2005
  2.451  98.923 147.1 5.2  610.33617  8  4  4.98  2  9 2005
 -3.796 102.699 103.6 5.0  611.70565 16 56  8.30  3  9 2005
  4.746  95.144  54.3 5.0  611.87505 21  0  4.24  3  9 2005
  0.029  97.604  27.6 5.4  614.45890 11  0 48.61  6  9 2005
  7.686  92.199  31.7 5.0  614.46561 11 10 29.11  6  9 2005
  0.048  97.612  27.0 5.2  614.46659 11 11 53.10  6  9 2005
  0.083  97.704  13.2 5.2  615.03005  0 43 16.59  7  9 2005
  4.862  95.044  41.0 5.8  618.70680 16 57 47.27 10  9 2005
  8.073  91.912  30.0 5.4  621.60622 14 32 57.82 13  9 2005
  2.429  96.314  24.4 5.1  624.72185 17 19 27.44 16  9 2005
  7.647  93.974  30.0 5.2  626.15810  3 47 40.03 18  9 2005
  1.342  97.170  30.0 5.0  627.60757 14 34 53.84 19  9 2005
  4.515  95.396  51.0 5.2  628.62501 15  0  0.59 20  9 2005
  3.977  95.973  49.2 5.2  630.52092 12 30  7.91 22  9 2005
  0.068  97.867  28.3 5.1  633.65079 15 37  8.47 25  9 2005
  5.219  94.515  48.3 5.2  637.75864 18 12 26.41 29  9 2005
  0.238  98.010  30.0 5.1  638.19441  4 39 57.42 30  9 2005
  1.108  97.239  23.7 5.0  641.04036  0 58  7.19  3 10 2005
  5.509  94.368  32.0 5.5  641.92320 22  9 24.18  3 10 2005
  5.559  94.277  44.6 5.3  642.51626 12 23 25.16  4 10 2005
  5.233  95.577  18.3 5.4  643.36577  8 46 42.33  5 10 2005
  7.897  92.063  46.7 5.4  643.51330 12 19  9.28  5 10 2005
  7.632  93.745  13.8 5.0  644.12015  2 53  0.55  6 10 2005
  1.957  97.853  30.0 5.6  646.18801  4 30 44.12  8 10 2005
 10.894  92.296  22.8 5.5  649.15135  3 37 56.85 11 10 2005
  4.820  95.098  30.0 6.0  649.62893 15  5 39.66 11 10 2005
  2.026  97.941  38.0 5.4  654.79403 19  3 24.42 16 10 2005
 -1.460  99.529  25.5 5.0  662.11106  2 39 55.41 24 10 2005
  4.034  94.303  31.3 5.1  664.02747  0 39 33.18 26 10 2005
  2.736  95.826  30.0 5.3  665.17812  4 16 29.49 27 10 2005
  2.310  96.362  27.6 5.0  666.13027  3  7 35.44 28 10 2005
  2.358  96.209  30.0 5.1  666.72465 17 23 29.58 28 10 2005
  1.226  97.269  30.0 5.4  673.73945 17 44 48.15  4 11 2005
  1.863  97.036  30.0 5.2  681.78766 18 54 13.84 12 11 2005
  2.819  95.471  30.0 5.1  688.27702  6 38 54.60 19 11 2005
  2.034  96.794  31.5 5.2  688.58983 14  9 21.15 19 11 2005
  2.164  96.786  21.0 6.0  688.59043 14 10 13.03 19 11 2005
 -3.996 103.512  30.0 5.1  688.71648 17 11 43.84 19 11 2005
  1.160  97.266  24.4 5.3  696.98029 23 31 37.30 27 11 2005
  1.145  97.244  30.0 5.1  697.01166  0 16 47.13 28 11 2005
  3.091  93.825  28.2 5.2  701.13055  3  7 59.79  2 12 2005
  1.064  97.164  30.0 5.0  702.78342 18 48  7.76  3 12 2005
  0.792  97.464  24.2 5.0  703.58985 14  9 23.42  4 12 2005
  3.404  95.267  32.3 5.2  704.19918  4 46 48.94  5 12 2005
  2.389  96.281  30.0 5.0  705.23624  5 40 11.41  6 12 2005
  1.363  97.202  30.0 5.0  706.09686  2 19 28.34  7 12 2005
  0.150  97.331  20.9 5.1  706.35993  8 38 18.26  7 12 2005
 -1.196  99.779  30.0 5.2  711.11981  2 52 31.64 12 12 2005
  2.842  95.916  18.2 5.4  717.18275  4 23 10.01 18 12 2005
 -4.494 102.904  44.2 5.0  724.13658  3 16 40.88 25 12 2005
  4.735  95.144  51.5 5.7  731.36613  8 47 13.35  1  1 2006
 12.235  95.200  25.1 5.5  736.18409  4 25  5.75  6  1 2006
  0.117  97.904  22.7 5.2  741.03244  0 46 42.45 11  1 2006
  0.035  97.856  30.0 5.0  741.31595  7 34 58.37 11  1 2006
  0.982  97.532  40.4 5.1  743.45133 10 49 54.50 13  1 2006
  4.867  94.753  42.8 5.0  743.61632 14 47 29.74 13  1 2006
 13.002  93.245  44.0 5.8  751.17157  4  7  3.71 21  1 2006
 -4.777 102.821  54.4 5.3  756.99863 23 58  1.78 26  1 2006
  2.703  96.073  20.0 5.7  761.80268 19 15 51.59 31  1 2006
 11.860  92.372  19.0 5.6  764.85707 20 34 10.98  3  2 2006
  2.224  96.446  27.0 5.2  767.29517  7  5  2.28  6  2 2006
  1.607  97.101  26.7 5.4  767.99665 23 55 10.88  6  2 2006
  2.858  95.451  25.0 5.2  774.39732  9 32  8.64 13  2 2006
  2.415  96.249  26.7 5.0  774.50397 12  5 43.30 13  2 2006
  5.609  94.688  30.0 5.2  787.89779 21 32 49.26 26  2 2006
  2.667  95.898  20.3 5.1  790.60836 14 36  2.46  1  3 2006
  4.964  94.488  30.0 5.2  791.71928 17 15 45.81  2  3 2006
 -4.550 101.445  30.0 5.0  794.86596 20 46 59.13  5  3 2006
  3.999  96.255  30.0 5.3  797.27336  6 33 38.24  8  3 2006
 10.750  94.404  21.2 5.1  798.61730 14 48 54.91  9  3 2006
  8.922  94.599  18.6 5.1  798.62547 15  0 40.84  9  3 2006
 10.736  94.275  15.7 5.1  798.62723 15  3 12.61  9  3 2006
 10.789  94.450  20.8 5.2  798.63336 15 12  2.63  9  3 2006
 10.801  94.510  21.4 5.1  798.63837 15 19 15.53  9  3 2006
 10.840  94.580  10.0 5.1  798.76518 18 21 51.56  9  3 2006
 10.659  94.239  10.0 5.0  798.76837 18 26 27.32  9  3 2006
 10.707  94.536  10.0 5.0  798.80239 19 15 26.66  9  3 2006
 10.719  94.335  22.4 5.0  798.80259 19 15 43.70  9  3 2006
 10.708  94.359  18.0 5.1  798.90071 21 37  0.95  9  3 2006
 10.730  94.358  10.0 5.0  798.93804 22 30 46.63  9  3 2006
 10.716  94.256  23.7 5.2  799.17063  4  5 42.66 10  3 2006
 10.632  94.284  22.7 5.2  799.19692  4 43 33.64 10  3 2006
 10.689  94.400  21.8 5.0  799.50276 12  3 58.22 10  3 2006
 10.620  94.214  25.2 5.0  800.44380 10 39  4.29 11  3 2006
 10.641  94.230  24.9 5.0  800.49227 11 48 51.75 11  3 2006
 13.879  93.638  44.1 5.1  801.95788 22 59 20.94 12  3 2006
 10.798  94.426  23.4 5.0  805.58289 13 59 22.00 16  3 2006
  5.072  94.778  50.2 5.3  805.63352 15 12 16.41 16  3 2006
  4.134  96.048  48.7 5.3  808.18371  4 24 32.47 19  3 2006
  2.940  93.972  28.4 5.1  808.19198  4 36 27.16 19  3 2006
  2.719  95.681  25.0 5.0  811.42279 10  8 49.28 22  3 2006
  3.462  97.224  30.0 5.0  817.35814  8 35 43.32 28  3 2006
  2.271  94.926  28.0 5.0  821.44084 10 34 48.38  1  4 2006
  2.412  96.394  26.7 5.2  822.35448  8 30 27.16  2  4 2006
  0.295  97.347  33.8 5.4  824.44235 10 36 59.33  4  4 2006
 -0.634 100.014  76.9 5.1  830.10883  2 36 42.79 10  4 2006
  1.654  97.070  37.8 5.0  832.61046 14 39  4.12 12  4 2006
  2.643  93.226  17.0 5.5  839.85887 20 36 46.40 19  4 2006
  2.059  96.448  27.6 5.1  842.97405 23 22 37.78 22  4 2006
  2.089  96.490  25.7 5.4  842.97438 23 23  6.10 22  4 2006
  2.154  96.499  26.7 5.1  842.98776 23 42 22.75 22  4 2006
  1.994  96.995  21.0 5.8  845.76825 18 26 17.15 25  4 2006
  4.548  95.986  73.6 5.5  846.69368 16 38 53.65 26  4 2006
  2.180  96.475  25.5 5.2  849.71447 17  8 50.54 29  4 2006
  3.171  97.096  11.1 5.2  858.07200  1 43 41.01  8  5 2006
 -4.852 102.346  36.0 5.8  858.38677  9 16 57.09  8  5 2006
  5.521  94.432  34.0 6.0  863.13312  3 11 41.61 13  5 2006
  0.093  97.050  12.0 6.6  866.64474 15 28 25.92 16  5 2006
 -0.024  97.123  28.8 5.1  866.67394 16 10 28.50 16  5 2006
  0.116  97.158  33.0 5.3  866.68035 16 19 42.31 16  5 2006
 -4.457 102.736  38.8 5.0  867.15856  3 48 19.65 17  5 2006
  5.512  94.571  52.6 5.2  895.01010  0 14 32.61 14  6 2006
  2.652  94.370  29.1 5.1  895.30841  7 24  6.58 14  6 2006
  1.416  97.134  30.0 5.0  902.37057  8 53 36.95 21  6 2006
  6.938  92.454  16.0 5.7  902.52422 12 34 52.68 21  6 2006
 -4.747 102.146  48.5 5.0  906.63186 15  9 52.31 25  6 2006
  8.811  93.596  15.4 5.0  908.62658 15  2 16.09 27  6 2006
  6.501  92.793  28.8 5.8  908.75512 18  7 22.74 27  6 2006
  0.738  97.334  46.0 5.2  922.04061  0 58 28.69 11  7 2006
  3.723  93.599  32.4 5.0  926.49616 11 54 28.07 15  7 2006
 -4.904 102.166  35.0 5.1  928.23091  5 32 30.39 17  7 2006
  0.333  96.923  35.8 5.3  928.86197 20 41 13.92 17  7 2006
 -4.847 102.253  43.2 5.0  933.69647 16 42 54.72 22  7 2006
  1.244  98.145  30.0 5.0  934.56236 13 29 47.55 23  7 2006
  1.707  97.146  20.0 5.6  938.46991 11 16 40.37 27  7 2006
 -4.880 101.601  30.0 5.3  939.30352  7 17  3.92 28  7 2006
  1.463  97.182  30.0 5.1  941.06128  1 28 14.69 30  7 2006
  1.156  97.154  30.0 5.0  942.52596 12 37 22.87 31  7 2006
  8.632  91.926  17.3 5.1  944.54997 13 11 57.78  2  8 2006
  3.966  95.967  45.7 5.0  944.75972 18 13 59.42  2  8 2006
  2.403  96.348  22.0 5.8  953.87100 20 54 14.37 11  8 2006
  2.189  96.365  28.8 5.0  954.26074  6 15 28.16 12  8 2006
  5.519  94.663  30.0 5.3  955.36234  8 41 46.44 13  8 2006
  0.844  97.207  30.0 5.1  957.12650  3  2  9.35 15  8 2006
  4.723  95.101  30.0 5.0  965.77212 18 31 51.30 23  8 2006
  0.185  97.180  49.0 5.3  976.68098 16 20 36.80  3  9 2006
  1.124  99.592  14.3 5.3  982.21235  5  5 46.71  9  9 2006
  5.124  94.779  49.0 5.6  989.26235  6 17 46.88 16  9 2006
 11.788  95.001  22.6 5.0 1001.61059 14 39 15.24 28  9 2006
  1.074  97.468  50.0 5.1 1007.56504 13 33 39.52  4 10 2006
  1.317  97.247  30.6 5.0 1009.61741 14 49  3.81  6 10 2006
  4.941  95.006  30.0 5.5 1015.22958  5 30 35.38 12 10 2006
 10.441  91.755  28.2 5.0 1020.33284  7 59 16.97 17 10 2006
  1.334  97.133  25.8 5.0 1021.08433  2  1 26.46 18 10 2006
  1.113  97.431  23.1 5.3 1028.21254  5  6  3.45 25 10 2006
 -2.084 100.198  43.6 5.0 1029.63083 15  8 23.32 26 10 2006
  0.913  97.212  24.8 5.2 1043.66375 15 55 48.36  9 11 2006
  4.746  94.783  32.0 5.6 1052.58011 13 55 21.15 18 11 2006
  4.741  94.771  29.0 5.9 1052.58187 13 57 53.78 18 11 2006
  2.989  97.015  53.9 5.0 1059.78501 18 50 24.86 25 11 2006
  3.390  99.079 204.0 6.0 1065.16553  3 58 21.65  1 12 2006
  4.860  96.228  30.0 5.1 1070.50462 12  6 39.29  6 12 2006
  5.080  94.752  30.0 5.5 1073.39221  9 24 46.75  9 12 2006
  4.815  95.018  36.0 5.7 1081.88220 21 10 21.91 17 12 2006
  0.626  99.859  30.0 5.5 1081.90229 21 39 17.45 17 12 2006
  2.458  98.000  66.0 5.2 1083.53353 12 48 16.60 19 12 2006
 10.653  92.361  24.0 5.7 1086.82691 19 50 44.63 22 12 2006
  5.452  94.346  30.0 5.4 1098.53299 12 47 30.33  3  1 2007
  0.254  97.959  30.0 5.2 1100.49589 11 54  4.88  5  1 2007
  8.077  92.437  11.0 5.7 1103.53380 12 48 40.51  8  1 2007
  1.978  89.690  10.0 5.0 1112.33242  7 58 40.97 17  1 2007
  2.822  95.807  24.0 5.1 1117.69761 16 44 33.80 22  1 2007
  1.734  97.111  30.0 5.3 1120.63792 15 18 36.03 25  1 2007
  8.359  93.595  30.0 5.3 1124.82540 19 48 34.44 29  1 2007
  2.703  95.650  30.0 5.1 1134.07980  1 54 54.50  8  2 2007
  6.178  94.401  67.6 5.6 1137.44971 10 47 35.01 11  2 2007
  1.510  97.114  30.0 5.0 1138.19734  4 44  9.81 12  2 2007
  0.432  97.308  16.0 5.4 1140.82637 19 49 58.70 14  2 2007
  5.208  94.260  30.0 5.3 1140.84164 20 11 57.53 14  2 2007
  0.642  97.230   4.7 5.6 1140.86565 20 46 31.93 14  2 2007
  1.071  97.372  30.0 5.0 1144.44819 10 45 23.99 18  2 2007
 -4.388 102.976  54.8 5.4 1145.63429 15 13 22.33 19  2 2007
  3.776  96.336  74.2 5.6 1155.08411  2  1  7.00  1  3 2007
 10.292  93.059  78.9 5.0 1155.21413  5  8 20.74  1  3 2007
 -0.493 100.498  19.0 5.9 1160.15948  3 49 38.90  6  3 2007
 -0.488 100.530  11.0 5.9 1160.24266  5 49 25.43  6  3 2007
 -0.399 100.913  20.0 5.1 1160.53688 12 53  6.86  6  3 2007
  1.955  97.908  35.0 5.7 1161.45391 10 53 37.59  7  3 2007
 -4.772 103.157  71.9 5.0 1182.67278 16  8 48.03 28  3 2007
 -4.434 102.954  75.6 5.4 1188.84958 20 23 23.39  3  4 2007
  2.916  95.700  30.0 5.6 1192.41101  9 51 51.62  7  4 2007
 12.990  92.525  30.0 5.5 1195.58118 13 56 53.89 10  4 2007
 -2.958 101.187  45.6 5.0 1206.42553 10 12 45.85 21  4 2007
  5.359  94.635  38.0 6.3 1212.33530  8  2 49.65 27  4 2007
  5.509  94.617  52.9 5.0 1216.82245 19 44 19.76  1  5 2007
  1.255  97.248  30.0 5.4 1229.39703  9 31 43.10 14  5 2007
  4.111  96.032  30.0 5.0 1233.66487 15 57 25.08 18  5 2007
  2.629  95.548  39.9 5.1 1238.84669 20 19 14.19 23  5 2007
  8.305  93.864  35.0 5.4 1246.97089 23 18  5.06 31  5 2007
  9.378  93.864 123.1 5.0 1250.05712  1 22 14.91  4  6 2007
  2.606  96.040  24.4 5.1 1255.62489 14 59 50.10  9  6 2007
  1.192  97.328  51.2 5.0 1269.69966 16 47 30.72 23  6 2007
  5.423  94.585  30.0 5.1 1270.57473 13 47 36.58 24  6 2007
  3.325  94.254  24.8 5.0 1286.76979 18 28 29.83 10  7 2007
  5.003  97.456  30.0 5.1 1297.53685 12 53  3.57 21  7 2007
  2.265  98.001  62.9 5.3 1300.61912 14 51 31.68 24  7 2007
  7.157  92.518  15.0 5.5 1301.98439 23 37 31.52 25  7 2007
  2.075  96.693  30.0 5.0 1325.19333  4 38 23.43 18  8 2007
  0.888  97.539  30.0 5.0 1326.55045 13 12 39.30 19  8 2007
  0.868  97.532  30.0 5.0 1326.56556 13 34 24.70 19  8 2007
 14.291  93.989  65.2 5.1 1332.71051 17  3  7.80 25  8 2007
  1.798  99.318 145.8 5.2 1337.46341 11  7 18.93 30  8 2007
  0.292  97.753  25.7 5.1 1346.36086  8 39 38.17  8  9 2007
  0.339  97.802  30.0 5.0 1346.48037 11 31 44.34  8  9 2007
 -4.438 101.367  34.0 6.9 1350.46559 11 10 26.83 12  9 2007
 -2.587 101.792  35.0 5.0 1350.47439 11 23  7.61 12  9 2007
 -4.264 101.365  35.0 5.3 1350.47930 11 30 11.57 12  9 2007
 -2.840 100.221  35.0 5.5 1350.48613 11 40  1.77 12  9 2007
 -4.184 101.305  35.0 5.0 1350.50428 12  6  9.45 12  9 2007
 -2.710 100.278  35.0 5.2 1350.51513 12 21 47.10 12  9 2007
 -2.930 101.379  35.0 5.6 1350.54314 13  2  7.44 12  9 2007
 -3.526 100.747  35.0 5.0 1350.54701 13  7 41.87 12  9 2007
 -3.259 100.722  43.0 5.2 1350.55369 13 17 19.14 12  9 2007
 -3.158 101.463  35.0 5.9 1350.61118 14 40  5.73 12  9 2007
 -4.080 101.182  35.0 5.0 1350.64942 15 35  9.95 12  9 2007
 -3.145 101.396  35.0 5.8 1350.69241 16 37  3.92 12  9 2007
 -3.072 100.461  42.2 5.0 1350.70379 16 53 27.11 12  9 2007
 -4.429 101.402  28.4 5.1 1350.91836 22  2 26.66 12  9 2007
 -2.802 100.906  35.0 5.1 1350.92872 22 17 21.55 12  9 2007
 -4.010 100.999  26.7 5.1 1350.97207 23 19 46.99 12  9 2007
 -2.625 100.841  35.0 6.6 1350.99240 23 49  3.72 12  9 2007
 -1.893  99.572  35.0 5.0 1351.00628  0  9  2.99 13  9 2007
 -2.304  99.431  14.0 5.2 1351.01100  0 15 50.29 13  9 2007
 -2.561 100.317  35.0 5.2 1351.02203  0 31 43.14 13  9 2007
 -1.900  99.816  16.6 5.7 1351.06012  1 26 34.42 13  9 2007
 -1.875  99.716  29.9 5.1 1351.06815  1 38  8.44 13  9 2007
 -2.199  99.467  24.5 5.1 1351.07578  1 49  7.44 13  9 2007
 -3.823 101.752  30.6 5.0 1351.08042  1 55 47.86 13  9 2007
 -1.689  99.668  28.9 5.9 1351.10420  2 30  3.30 13  9 2007
 -2.044  99.794  28.9 5.4 1351.11914  2 51 33.89 13  9 2007
 -2.130  99.627  22.0 6.3 1351.14964  3 35 28.72 13  9 2007
 -1.978  99.640  35.0 5.1 1351.15439  3 42 19.09 13  9 2007
 -1.608  99.644  29.2 5.1 1351.17099  4  6 13.67 13  9 2007
 -1.724  99.635  32.4 5.5 1351.22457  5 23 23.23 13  9 2007
 -3.723 100.688  28.9 5.0 1351.23911  5 44 18.97 13  9 2007
 -3.701 100.843  35.0 5.0 1351.24547  5 53 28.53 13  9 2007
 -1.980  99.516  28.4 5.0 1351.27007  6 28 54.14 13  9 2007
 -1.941  99.513  34.2 5.2 1351.27283  6 32 52.51 13  9 2007
 -2.146  99.821  35.0 5.3 1351.39003  9 21 38.85 13  9 2007
 -3.432 101.659  35.0 5.1 1351.44992 10 47 52.88 13  9 2007
 -2.565 100.492  35.0 5.0 1351.48228 11 34 28.56 13  9 2007
 -3.585 100.846  35.0 5.1 1351.50907 12 13  3.99 13  9 2007
 -2.749 100.974  17.2 5.5 1351.54878 13 10 14.42 13  9 2007
 -2.918 100.267  35.0 5.1 1351.57221 13 43 58.94 13  9 2007
 -4.297 101.272  24.7 5.5 1351.63119 15  8 54.68 13  9 2007
 -3.172 101.524  53.0 6.1 1351.67311 16  9 16.87 13  9 2007
 -2.234  99.947  30.3 5.5 1351.70793 16 59 24.91 13  9 2007
 -2.423  99.881  41.2 5.0 1351.77130 18 30 39.90 13  9 2007
 -2.836 101.232  35.0 5.0 1351.96704 23 12 32.20 13  9 2007
 -3.783 101.833  26.8 5.7 1352.04312  1  2  5.35 14  9 2007
 -2.919 101.145  40.0 5.1 1352.13003  3  7 14.70 14  9 2007
 -2.147 100.117  29.0 5.3 1352.16926  4  3 44.34 14  9 2007
 -4.075 101.169  23.0 5.9 1352.25107  6  1 32.27 14  9 2007
 -4.416 100.953  25.3 5.8 1352.25227  6  3 16.53 14  9 2007
 -3.003 102.351  35.0 5.0 1352.54709 13  7 48.26 14  9 2007
 -4.228 101.202  35.0 5.1 1352.59397 14 15 18.87 14  9 2007
 -2.844 100.247  35.1 5.0 1353.07021  1 41  6.54 15  9 2007
 -4.234 101.223  35.0 5.2 1353.60208 14 26 59.60 15  9 2007
 -2.788 101.190  35.0 5.6 1353.61492 14 45 29.18 15  9 2007
 -2.796 101.244  35.0 5.0 1353.62831 15  4 46.33 15  9 2007
 -1.762  99.725  35.0 5.2 1353.76920 18 27 38.93 15  9 2007
 -1.800  99.538  30.9 5.0 1353.77023 18 29  7.60 15  9 2007
 -2.763 101.106  38.3 5.3 1354.05253  1 15 38.94 16  9 2007
 -2.720 101.174  35.0 5.2 1354.38217  9 10 19.81 16  9 2007
 -2.834 101.203  35.0 5.5 1354.48454 11 37 43.99 16  9 2007
 -3.645 100.767  25.4 5.2 1355.66367 15 55 40.90 17  9 2007
 -4.041 101.027  25.2 5.0 1356.27236  6 32 12.31 18  9 2007
 -3.259 101.348  35.0 5.5 1356.36218  8 41 32.78 18  9 2007
  0.128  97.715  25.0 5.1 1356.41935 10  3 52.13 18  9 2007
 -2.746 100.892  35.0 5.7 1357.31100  7 27 50.70 19  9 2007
 -4.303 101.229  27.1 5.2 1358.03495  0 50 19.39 20  9 2007
 -1.999 100.141  30.0 6.3 1358.35503  8 31 14.49 20  9 2007
 -2.181  99.530  25.0 5.1 1359.56469 13 33  9.62 21  9 2007
 -4.337 101.057  28.8 5.0 1360.33588  8  3 39.60 22  9 2007
 -2.003  99.939  35.0 5.3 1360.46023 11  2 44.21 22  9 2007
 -2.135  99.935  28.4 5.5 1361.59287 14 13 43.90 23  9 2007
 -3.682 100.846  35.0 5.2 1361.93330 22 23 57.29 23  9 2007
 -3.596 100.835  26.7 5.1 1361.93596 22 27 46.60 23  9 2007
 -3.007 101.381  35.0 5.0 1362.23762  5 42 10.74 24  9 2007
 -3.155 100.362  18.0 5.6 1362.34404  8 15 25.18 24  9 2007
 -1.573 100.070  35.0 5.4 1362.41050  9 51  7.01 24  9 2007
 -4.385 101.465  35.0 5.5 1362.51841 12 26 30.96 24  9 2007
 -4.413 101.299  35.0 5.0 1362.89292 21 25 48.12 24  9 2007
 -1.774 100.460  35.0 5.5 1363.35214  8 27  4.47 25  9 2007
 -1.787  99.488  26.0 5.6 1364.65488 15 43  1.44 26  9 2007
 -1.832  99.460  24.4 5.1 1364.77512 18 36 10.57 26  9 2007
 -3.486 100.839  35.0 5.0 1365.33870  8  7 43.34 27  9 2007
  2.915  95.533  20.0 5.5 1367.23104  5 32 42.01 29  9 2007
  2.900  95.523  35.0 5.5 1367.23411  5 37  7.26 29  9 2007
  4.089  96.585  35.0 5.0 1369.58581 14  3 33.75  1 10 2007
 -4.240 101.212  22.0 5.7 1370.15531  3 43 38.91  2 10 2007
 -1.853  99.779  35.0 5.1 1370.61110 14 39 58.86  2 10 2007
  2.543  92.903  35.0 5.7 1372.52814 12 40 31.13  4 10 2007
 -4.376 101.337  35.0 5.1 1373.39070  9 22 36.42  5 10 2007
 -1.735  99.480  27.3 5.6 1378.01339  0 19 16.79 10 10 2007
  9.702  91.800  36.6 5.0 1378.51779 12 25 36.67 10 10 2007
 -3.900 100.978  35.0 5.3 1379.86013 20 38 35.32 11 10 2007
 -3.285 100.509  15.0 5.6 1380.02186  0 31 29.10 12 10 2007
  0.762  98.751  75.4 5.0 1382.46041 11  2 59.22 14 10 2007
  2.975  96.455  40.1 5.0 1385.12187  2 55 29.93 17 10 2007
 -3.415 101.685  39.4 5.3 1386.41749 10  1 11.37 18 10 2007
 -3.245 100.507  35.0 5.2 1389.52363 12 34  1.31 21 10 2007
 -3.212 100.481  23.7 5.3 1389.52786 12 40  7.22 21 10 2007
 -3.591 100.803  35.0 5.5 1389.60023 14 24 20.09 21 10 2007
 -3.223 100.613  23.4 5.0 1389.60523 14 31 31.95 21 10 2007
 -3.592 100.859  27.6 5.3 1389.68443 16 25 35.04 21 10 2007
  1.840  97.047  35.0 5.0 1391.26793  6 25 49.45 23 10 2007
 -1.996  99.896  30.0 5.7 1391.83110 19 56 47.39 23 10 2007
 -3.899 101.020  21.0 6.1 1392.87697 21  2 50.61 24 10 2007
 -3.541 100.794  29.7 5.5 1393.22608  5 25 33.55 25 10 2007
 -4.169 100.625  35.0 5.1 1394.20368  4 53 18.38 26 10 2007
 -2.991 101.283  48.0 5.4 1399.66299 15 54 42.66 31 10 2007
 -3.737 101.092  25.2 5.0 1404.91544 21 58 14.14  5 11 2007
 -3.645 100.722  31.6 5.1 1406.46119 11  4  7.05  7 11 2007
 -4.437 101.308  35.0 5.1 1409.40522  9 43 31.34 10 11 2007
 -3.277 100.531  15.0 5.6 1409.97203 23 19 43.32 10 11 2007
 -0.552  99.473  35.0 5.5 1409.98799 23 42 42.48 10 11 2007
  2.625  94.492  27.1 5.1 1415.89127 21 23 26.11 16 11 2007
 -4.329 101.263  35.0 5.4 1419.95797 22 59 28.62 20 11 2007
  3.063  96.360  41.2 5.1 1420.14599  3 30 13.21 21 11 2007
  7.672  93.647  35.0 5.1 1420.79446 19  4  1.44 21 11 2007
  4.743  95.060  49.3 5.9 1421.95987 23  2 12.96 22 11 2007
 -2.808 101.162  55.9 5.9 1424.11941  2 51 57.22 25 11 2007
 -2.238 100.413  35.0 5.7 1424.73725 17 41 38.04 25 11 2007
  0.268  96.974  36.8 5.2 1425.28063  6 44  6.10 26 11 2007
 -2.255 100.462  35.0 5.2 1425.46098 11  3 48.58 26 11 2007
  1.091  97.103  35.0 5.0 1425.62757 15  3 42.10 26 11 2007
 -1.630 100.437  35.0 5.3 1426.65707 15 46 10.85 27 11 2007
 -2.261 100.529  50.8 5.2 1427.42083 10  5 59.46 28 11 2007
 -2.864 101.137  35.0 5.4 1428.00402  0  5 47.11 29 11 2007
  1.981  97.883  44.6 5.8 1430.07259  1 44 31.95  1 12 2007
 -4.620 101.364  10.0 5.1 1430.74130 17 47 28.23  1 12 2007
 -4.454 101.365  27.4 5.1 1430.88980 21 21 19.11  1 12 2007
 -2.277 100.451  51.2 5.5 1431.27313  6 33 18.01  2 12 2007
  5.457  94.666  72.8 5.0 1436.33987  8  9 24.81  7 12 2007
  2.223  96.761  35.0 5.0 1438.48070 11 32 12.75  9 12 2007
 -4.523 100.837  22.7 5.1 1441.15553  3 43 57.81 12 12 2007
 -3.267 100.630  43.6 5.1 1445.38473  9 14  0.59 16 12 2007
 -3.504 100.623  27.9 5.1 1449.32145  7 42 53.45 20 12 2007
  2.087  96.806  23.0 5.6 1451.51826 12 26 17.47 22 12 2007
 -4.328 101.294  25.7 5.2 1453.87246 20 56 20.20 24 12 2007
 -4.305 101.231  27.3 5.2 1453.89019 21 21 52.81 24 12 2007
  0.116  97.022  38.1 5.1 1454.70449 16 54 27.74 25 12 2007
  5.418  95.661  20.9 5.1 1457.22517  5 24 14.84 28 12 2007

